mixw 450 1 4
mixw [0 0] 1.223986e+02

	2.188e-01 2.466e-01 3.002e-01 2.344e-01 
mixw [1 0] 7.891334e+01

	2.324e-01 4.646e-01 2.143e-01 8.871e-02 
mixw [2 0] 2.361284e+02

	2.539e-01 2.266e-01 2.693e-01 2.503e-01 
mixw [3 0] 1.200000e+01

	4.167e-01 8.333e-02 3.333e-01 1.667e-01 
mixw [4 0] 2.600000e+01

	3.384e-01 2.692e-01 3.155e-01 7.692e-02 
mixw [5 0] 7.000000e+00

	2.857e-01 2.857e-01 2.857e-01 1.429e-01 
mixw [6 0] 2.120184e+02

	2.034e-01 2.141e-01 4.594e-01 1.231e-01 
mixw [7 0] 1.209007e+02

	3.022e-01 3.462e-01 2.164e-01 1.352e-01 
mixw [8 0] 6.202140e+01

	1.612e-01 3.065e-01 3.549e-01 1.774e-01 
mixw [9 0] 4.200000e+01

	2.143e-01 3.209e-01 2.267e-01 2.381e-01 
mixw [10 0] 2.700000e+01

	3.333e-01 2.593e-01 2.222e-01 1.852e-01 
mixw [11 0] 7.497880e+01

	2.765e-01 3.074e-01 1.862e-01 2.299e-01 
mixw [12 0] 3.599947e+01

	2.222e-01 1.667e-01 3.889e-01 2.222e-01 
mixw [13 0] 2.400000e+01

	2.500e-01 2.519e-01 3.314e-01 1.667e-01 
mixw [14 0] 2.699990e+01

	3.333e-01 1.852e-01 2.222e-01 2.593e-01 
mixw [15 0] 7.825263e+01

	2.040e-01 3.489e-01 1.529e-01 2.942e-01 
mixw [16 0] 8.302066e+01

	2.053e-01 3.215e-01 2.771e-01 1.961e-01 
mixw [17 0] 9.257135e+01

	1.981e-01 3.214e-01 2.407e-01 2.398e-01 
mixw [18 0] 1.477523e+02

	1.305e-01 3.291e-01 3.156e-01 2.247e-01 
mixw [19 0] 1.118643e+02

	1.817e-01 2.798e-01 2.876e-01 2.510e-01 
mixw [20 0] 2.132224e+02

	1.819e-01 2.027e-01 3.887e-01 2.267e-01 
mixw [21 0] 1.186247e+02

	2.435e-01 1.998e-01 2.714e-01 2.853e-01 
mixw [22 0] 8.172680e+01

	1.468e-01 2.342e-01 3.530e-01 2.660e-01 
mixw [23 0] 1.098235e+02

	2.595e-01 2.334e-01 2.970e-01 2.101e-01 
mixw [24 0] 9.000078e+01

	1.658e-01 1.456e-01 4.768e-01 2.118e-01 
mixw [25 0] 5.000000e+00

	2.000e-01 4.000e-01 2.000e-01 2.000e-01 
mixw [26 0] 1.100000e+01

	2.727e-01 2.727e-01 2.727e-01 1.818e-01 
mixw [27 0] 1.702751e+02

	3.077e-01 2.363e-01 3.556e-01 1.004e-01 
mixw [28 0] 1.632046e+02

	2.215e-01 1.600e-01 4.197e-01 1.988e-01 
mixw [29 0] 7.644410e+02

	3.102e-01 2.950e-01 3.061e-01 8.873e-02 
mixw [30 0] 4.700489e+01

	3.616e-01 2.341e-01 1.489e-01 2.553e-01 
mixw [31 0] 4.799571e+01

	2.903e-01 1.902e-01 3.521e-01 1.674e-01 
mixw [32 0] 3.596878e+01

	1.948e-01 2.769e-01 2.783e-01 2.500e-01 
mixw [33 0] 3.467009e+01

	1.442e-01 3.755e-01 2.316e-01 2.487e-01 
mixw [34 0] 1.999881e+01

	2.500e-01 1.500e-01 3.500e-01 2.500e-01 
mixw [35 0] 2.200089e+01

	2.272e-01 2.731e-01 2.724e-01 2.273e-01 
mixw [36 0] 4.400277e+01

	2.727e-01 3.885e-01 2.058e-01 1.330e-01 
mixw [37 0] 6.799605e+01

	3.242e-01 2.472e-01 2.822e-01 1.464e-01 
mixw [38 0] 7.899999e+01

	1.710e-01 3.531e-01 2.973e-01 1.786e-01 
mixw [39 0] 1.457103e+02

	3.312e-01 2.082e-01 3.292e-01 1.314e-01 
mixw [40 0] 4.063651e+02

	4.481e-01 1.958e-01 2.381e-01 1.180e-01 
mixw [41 0] 1.983587e+02

	2.781e-01 2.381e-01 2.120e-01 2.718e-01 
mixw [42 0] 1.139447e+02

	3.446e-01 2.824e-01 2.496e-01 1.234e-01 
mixw [43 0] 4.304323e+01

	3.616e-01 2.621e-01 1.905e-01 1.858e-01 
mixw [44 0] 6.780655e+01

	2.062e-01 3.049e-01 2.429e-01 2.460e-01 
mixw [45 0] 4.299032e+01

	1.627e-01 3.974e-01 2.542e-01 1.858e-01 
mixw [46 0] 5.606020e+01

	1.795e-01 4.451e-01 2.328e-01 1.427e-01 
mixw [47 0] 5.760383e+01

	2.077e-01 2.773e-01 3.195e-01 1.956e-01 
mixw [48 0] 9.983296e+01

	3.159e-01 2.680e-01 2.030e-01 2.131e-01 
mixw [49 0] 7.048848e+01

	2.251e-01 2.768e-01 2.732e-01 2.249e-01 
mixw [50 0] 1.052206e+02

	2.873e-01 2.595e-01 2.757e-01 1.774e-01 
mixw [51 0] 9.210751e+01

	1.739e-01 3.192e-01 3.448e-01 1.622e-01 
mixw [52 0] 6.054221e+01

	2.888e-01 2.918e-01 1.976e-01 2.218e-01 
mixw [53 0] 6.452848e+01

	1.704e-01 3.111e-01 2.702e-01 2.483e-01 
mixw [54 0] 5.034362e+01

	1.781e-01 3.044e-01 2.195e-01 2.980e-01 
mixw [55 0] 3.698429e+01

	1.082e-01 4.325e-01 2.971e-01 1.622e-01 
mixw [56 0] 1.259982e+02

	2.529e-01 2.436e-01 2.646e-01 2.389e-01 
mixw [57 0] 1.153103e+02

	3.207e-01 1.928e-01 3.615e-01 1.250e-01 
mixw [58 0] 1.781362e+02

	8.433e-02 3.128e-01 3.821e-01 2.208e-01 
mixw [59 0] 7.213679e+01

	2.570e-01 2.953e-01 2.952e-01 1.525e-01 
mixw [60 0] 2.760001e+02

	4.521e-01 1.443e-01 3.529e-01 5.072e-02 
mixw [61 0] 5.099971e+01

	3.722e-01 1.176e-01 4.121e-01 9.804e-02 
mixw [62 0] 1.900000e+01

	1.579e-01 3.158e-01 3.158e-01 2.105e-01 
mixw [63 0] 7.594024e+01

	3.041e-01 1.784e-01 3.330e-01 1.845e-01 
mixw [64 0] 8.758751e+01

	1.141e-01 2.612e-01 3.268e-01 2.979e-01 
mixw [65 0] 6.337170e+01

	1.891e-01 2.142e-01 3.282e-01 2.685e-01 
mixw [66 0] 1.883570e+02

	3.809e-01 1.921e-01 2.785e-01 1.485e-01 
mixw [67 0] 1.543154e+02

	3.248e-01 2.094e-01 2.136e-01 2.522e-01 
mixw [68 0] 1.398715e+02

	2.890e-01 2.438e-01 2.490e-01 2.182e-01 
mixw [69 0] 1.080535e+02

	2.268e-01 3.057e-01 2.775e-01 1.900e-01 
mixw [70 0] 1.953569e+02

	2.068e-01 2.922e-01 1.922e-01 3.088e-01 
mixw [71 0] 1.337836e+02

	1.999e-01 3.397e-01 2.928e-01 1.675e-01 
mixw [72 0] 6.000000e+00

	1.667e-01 3.333e-01 1.667e-01 3.333e-01 
mixw [73 0] 7.000000e+00

	4.286e-01 1.429e-01 2.857e-01 1.429e-01 
mixw [74 0] 1.000000e+01

	3.000e-01 3.000e-01 2.000e-01 2.000e-01 
mixw [75 0] 1.094235e+02

	3.358e-01 2.734e-01 2.023e-01 1.885e-01 
mixw [76 0] 1.391398e+02

	2.832e-01 1.614e-01 3.814e-01 1.739e-01 
mixw [77 0] 1.527230e+02

	3.294e-01 1.889e-01 2.609e-01 2.208e-01 
mixw [78 0] 1.042882e+02

	2.462e-01 2.181e-01 3.745e-01 1.612e-01 
mixw [79 0] 1.903617e+02

	3.645e-01 1.677e-01 2.785e-01 1.894e-01 
mixw [80 0] 7.822762e+01

	2.994e-01 3.074e-01 2.243e-01 1.689e-01 
mixw [81 0] 1.098465e+02

	2.163e-01 2.410e-01 2.390e-01 3.037e-01 
mixw [82 0] 7.566513e+01

	2.795e-01 2.759e-01 2.050e-01 2.396e-01 
mixw [83 0] 9.541319e+01

	2.687e-01 2.487e-01 3.328e-01 1.499e-01 
mixw [84 0] 2.515472e+02

	3.410e-01 2.791e-01 1.972e-01 1.827e-01 
mixw [85 0] 2.141475e+02

	3.370e-01 2.744e-01 2.660e-01 1.226e-01 
mixw [86 0] 2.222704e+02

	2.134e-01 2.181e-01 3.115e-01 2.571e-01 
mixw [87 0] 5.493195e+01

	1.092e-01 3.041e-01 2.730e-01 3.136e-01 
mixw [88 0] 1.500000e+01

	2.667e-01 2.667e-01 3.333e-01 1.333e-01 
mixw [89 0] 5.859385e+01

	2.615e-01 2.905e-01 2.945e-01 1.535e-01 
mixw [90 0] 2.898999e+01

	2.070e-01 1.725e-01 3.449e-01 2.757e-01 
mixw [91 0] 2.900014e+01

	3.077e-01 2.768e-01 2.777e-01 1.379e-01 
mixw [92 0] 9.899965e+01

	3.279e-01 1.710e-01 4.002e-01 1.008e-01 
mixw [93 0] 7.978224e+01

	1.683e-01 4.281e-01 2.312e-01 1.724e-01 
mixw [94 0] 5.104578e+01

	2.357e-01 3.128e-01 1.764e-01 2.751e-01 
mixw [95 0] 4.411077e+01

	3.627e-01 2.528e-01 2.258e-01 1.587e-01 
mixw [96 0] 1.999999e+01

	2.500e-01 3.000e-01 2.000e-01 2.500e-01 
mixw [97 0] 9.000000e+00

	3.333e-01 1.111e-01 4.444e-01 1.111e-01 
mixw [98 0] 4.899222e+01

	3.060e-01 1.631e-01 3.266e-01 2.043e-01 
mixw [99 0] 2.759095e+02

	3.720e-01 1.104e-01 4.434e-01 7.424e-02 
mixw [100 0] 8.597128e+01

	2.824e-01 2.789e-01 2.817e-01 1.570e-01 
mixw [101 0] 8.455036e+01

	3.259e-01 1.423e-01 3.385e-01 1.933e-01 
mixw [102 0] 1.405181e+02

	2.713e-01 2.692e-01 2.548e-01 2.047e-01 
mixw [103 0] 1.599047e+02

	2.462e-01 3.051e-01 2.353e-01 2.133e-01 
mixw [104 0] 2.680357e+02

	3.088e-01 2.261e-01 2.622e-01 2.029e-01 
mixw [105 0] 1.786225e+02

	3.437e-01 1.152e-01 3.363e-01 2.048e-01 
mixw [106 0] 1.416665e+02

	1.076e-01 4.561e-01 2.061e-01 2.302e-01 
mixw [107 0] 1.403423e+02

	2.161e-01 2.944e-01 2.865e-01 2.030e-01 
mixw [108 0] 5.985755e+01

	2.971e-01 1.838e-01 2.851e-01 2.340e-01 
mixw [109 0] 3.308528e+01

	2.091e-01 2.720e-01 2.116e-01 3.073e-01 
mixw [110 0] 7.582981e+01

	3.421e-01 2.134e-01 2.338e-01 2.108e-01 
mixw [111 0] 4.314209e+02

	2.181e-01 2.879e-01 2.648e-01 2.292e-01 
mixw [112 0] 4.919565e+02

	1.901e-01 3.019e-01 3.381e-01 1.699e-01 
mixw [113 0] 5.214619e+02

	3.375e-01 1.663e-01 3.418e-01 1.543e-01 
mixw [114 0] 2.473053e+02

	3.214e-01 2.015e-01 2.718e-01 2.054e-01 
mixw [115 0] 1.845014e+02

	2.724e-01 2.835e-01 2.160e-01 2.281e-01 
mixw [116 0] 2.043768e+02

	2.308e-01 2.906e-01 3.034e-01 1.753e-01 
mixw [117 0] 4.201892e+01

	2.142e-01 4.284e-01 1.909e-01 1.665e-01 
mixw [118 0] 2.199980e+01

	3.182e-01 2.273e-01 3.182e-01 1.364e-01 
mixw [119 0] 6.800000e+01

	3.010e-01 2.080e-01 3.608e-01 1.302e-01 
mixw [120 0] 4.498950e+01

	2.666e-01 2.445e-01 2.444e-01 2.445e-01 
mixw [121 0] 1.800000e+01

	2.778e-01 2.778e-01 2.222e-01 2.222e-01 
mixw [122 0] 2.999978e+01

	1.333e-01 3.666e-01 2.695e-01 2.306e-01 
mixw [123 0] 5.796286e+01

	3.662e-01 1.727e-01 3.748e-01 8.626e-02 
mixw [124 0] 2.900056e+01

	3.102e-01 1.724e-01 3.106e-01 2.068e-01 
mixw [125 0] 4.496782e+01

	1.996e-01 2.890e-01 2.447e-01 2.668e-01 
mixw [126 0] 1.060254e+02

	3.660e-01 1.598e-01 3.205e-01 1.537e-01 
mixw [127 0] 1.149003e+02

	1.997e-01 2.323e-01 2.831e-01 2.849e-01 
mixw [128 0] 1.192397e+02

	2.462e-01 2.457e-01 3.321e-01 1.761e-01 
mixw [129 0] 4.473661e+01

	2.683e-01 2.007e-01 2.463e-01 2.848e-01 
mixw [130 0] 3.798310e+01

	2.633e-01 2.629e-01 2.631e-01 2.107e-01 
mixw [131 0] 4.588239e+01

	2.615e-01 1.303e-01 3.902e-01 2.180e-01 
mixw [132 0] 1.300000e+01

	1.538e-01 3.077e-01 3.077e-01 2.308e-01 
mixw [133 0] 1.600000e+01

	1.875e-01 2.500e-01 2.500e-01 3.125e-01 
mixw [134 0] 1.100000e+01

	2.727e-01 2.727e-01 2.727e-01 1.818e-01 
mixw [135 0] 9.393300e+01

	3.441e-01 2.578e-01 2.820e-01 1.160e-01 
mixw [136 0] 1.674371e+02

	1.736e-01 2.224e-01 4.468e-01 1.572e-01 
mixw [137 0] 9.819312e+01

	2.843e-01 2.299e-01 2.632e-01 2.226e-01 
mixw [138 0] 3.000000e+00

	3.333e-01 1.667e-01 3.333e-01 1.667e-01 
mixw [139 0] 1.000000e+00

	2.500e-01 2.500e-01 2.500e-01 2.500e-01 
mixw [140 0] 1.000000e+00

	2.500e-01 2.500e-01 2.500e-01 2.500e-01 
mixw [141 0] 5.799976e+01

	2.239e-01 4.135e-01 2.064e-01 1.561e-01 
mixw [142 0] 2.100000e+01

	2.857e-01 1.429e-01 4.762e-01 9.524e-02 
mixw [143 0] 2.699962e+01

	2.963e-01 2.593e-01 1.852e-01 2.593e-01 
mixw [144 0] 1.000000e+01

	3.000e-01 2.000e-01 2.000e-01 3.000e-01 
mixw [145 0] 5.000000e+00

	2.000e-01 2.000e-01 4.000e-01 2.000e-01 
mixw [146 0] 2.400000e+01

	3.333e-01 1.250e-01 3.333e-01 2.083e-01 
mixw [147 0] 2.398654e+01

	2.085e-01 3.335e-01 2.913e-01 1.668e-01 
mixw [148 0] 6.800001e+01

	2.477e-01 2.192e-01 4.303e-01 1.027e-01 
mixw [149 0] 8.800000e+01

	3.752e-01 1.831e-01 3.517e-01 8.998e-02 
mixw [150 0] 7.825263e+01

	2.040e-01 3.489e-01 1.529e-01 2.942e-01 
mixw [151 0] 8.302066e+01

	2.053e-01 3.215e-01 2.771e-01 1.961e-01 
mixw [152 0] 9.257135e+01

	1.981e-01 3.214e-01 2.407e-01 2.398e-01 
mixw [153 0] 1.477523e+02

	1.305e-01 3.291e-01 3.156e-01 2.247e-01 
mixw [154 0] 1.118643e+02

	1.817e-01 2.798e-01 2.876e-01 2.510e-01 
mixw [155 0] 2.000000e+01

	2.501e-01 3.000e-01 3.000e-01 1.499e-01 
mixw [156 0] 7.000000e+00

	2.857e-01 2.857e-01 2.857e-01 1.429e-01 
mixw [157 0] 2.400001e+01

	1.667e-01 2.500e-01 3.333e-01 2.500e-01 
mixw [158 0] 2.398422e+01

	2.085e-01 2.918e-01 3.746e-01 1.251e-01 
mixw [159 0] 1.000000e+00

	2.500e-01 2.500e-01 2.500e-01 2.500e-01 
mixw [160 0] 6.023816e+01

	3.091e-01 1.489e-01 2.599e-01 2.820e-01 
mixw [161 0] 1.300000e+01

	1.538e-01 4.615e-01 7.692e-02 3.077e-01 
mixw [162 0] 1.900000e+01

	1.579e-01 3.158e-01 3.158e-01 2.105e-01 
mixw [163 0] 2.000000e+01

	1.500e-01 2.000e-01 4.500e-01 2.000e-01 
mixw [164 0] 2.500000e+01

	3.600e-01 3.600e-01 2.400e-01 4.000e-02 
mixw [165 0] 1.186247e+02

	2.435e-01 1.998e-01 2.714e-01 2.853e-01 
mixw [166 0] 8.172680e+01

	1.468e-01 2.342e-01 3.530e-01 2.660e-01 
mixw [167 0] 1.098235e+02

	2.595e-01 2.334e-01 2.970e-01 2.101e-01 
mixw [168 0] 8.800078e+01

	2.725e-01 3.454e-01 2.455e-01 1.365e-01 
mixw [169 0] 2.000000e+00

	2.500e-01 2.500e-01 2.500e-01 2.500e-01 
mixw [170 0] 5.000000e+00

	2.000e-01 4.000e-01 2.000e-01 2.000e-01 
mixw [171 0] 1.100000e+01

	2.727e-01 2.727e-01 2.727e-01 1.818e-01 
mixw [172 0] 1.702751e+02

	3.077e-01 2.363e-01 3.556e-01 1.004e-01 
mixw [173 0] 1.000000e+00

	2.500e-01 2.500e-01 2.500e-01 2.500e-01 
mixw [174 0] 1.000000e+00

	2.500e-01 2.500e-01 2.500e-01 2.500e-01 
mixw [175 0] 1.582046e+02

	2.234e-01 1.560e-01 4.281e-01 1.925e-01 
mixw [176 0] 1.000000e+00

	2.500e-01 2.500e-01 2.500e-01 2.500e-01 
mixw [177 0] 1.000000e+00

	2.500e-01 2.500e-01 2.500e-01 2.500e-01 
mixw [178 0] 1.000000e+00

	2.500e-01 2.500e-01 2.500e-01 2.500e-01 
mixw [179 0] 1.000000e+00

	2.500e-01 2.500e-01 2.500e-01 2.500e-01 
mixw [180 0] 1.000000e+01

	3.000e-01 3.000e-01 2.000e-01 2.000e-01 
mixw [181 0] 2.000000e+00

	2.500e-01 2.500e-01 2.500e-01 2.500e-01 
mixw [182 0] 4.000000e+00

	2.500e-01 2.500e-01 2.500e-01 2.500e-01 
mixw [183 0] 3.219867e+02

	2.343e-01 3.423e-01 2.907e-01 1.327e-01 
mixw [184 0] 4.202360e+01

	2.381e-01 3.172e-01 2.306e-01 2.141e-01 
mixw [185 0] 5.600712e+01

	2.492e-01 2.678e-01 2.150e-01 2.679e-01 
mixw [186 0] 2.400000e+01

	2.083e-01 2.500e-01 2.916e-01 2.500e-01 
mixw [187 0] 2.399904e+01

	2.916e-01 1.667e-01 3.333e-01 2.083e-01 
mixw [188 0] 1.500000e+01

	2.667e-01 3.333e-01 2.000e-01 2.000e-01 
mixw [189 0] 7.690125e+01

	3.396e-01 2.729e-01 2.708e-01 1.167e-01 
mixw [190 0] 2.000000e+00

	2.500e-01 2.500e-01 2.500e-01 2.500e-01 
mixw [191 0] 4.453758e+01

	2.245e-01 2.263e-01 3.696e-01 1.796e-01 
mixw [192 0] 1.000000e+00

	2.500e-01 2.500e-01 2.500e-01 2.500e-01 
mixw [193 0] 1.000000e+00

	2.500e-01 2.500e-01 2.500e-01 2.500e-01 
mixw [194 0] 1.000000e+00

	2.500e-01 2.500e-01 2.500e-01 2.500e-01 
mixw [195 0] 1.000000e+00

	2.500e-01 2.500e-01 2.500e-01 2.500e-01 
mixw [196 0] 1.000000e+00

	2.500e-01 2.500e-01 2.500e-01 2.500e-01 
mixw [197 0] 1.000000e+00

	2.500e-01 2.500e-01 2.500e-01 2.500e-01 
mixw [198 0] 1.279858e+02

	2.815e-01 3.395e-01 2.619e-01 1.171e-01 
mixw [199 0] 1.000000e+00

	2.500e-01 2.500e-01 2.500e-01 2.500e-01 
mixw [200 0] 1.000000e+00

	2.500e-01 2.500e-01 2.500e-01 2.500e-01 
mixw [201 0] 3.000000e+00

	1.667e-01 3.333e-01 3.333e-01 1.667e-01 
mixw [202 0] 1.000000e+00

	2.500e-01 2.500e-01 2.500e-01 2.500e-01 
mixw [203 0] 1.000000e+00

	2.500e-01 2.500e-01 2.500e-01 2.500e-01 
mixw [204 0] 4.700489e+01

	3.616e-01 2.341e-01 1.489e-01 2.553e-01 
mixw [205 0] 4.799571e+01

	2.903e-01 1.902e-01 3.521e-01 1.674e-01 
mixw [206 0] 3.596878e+01

	1.948e-01 2.769e-01 2.783e-01 2.500e-01 
mixw [207 0] 3.467009e+01

	1.442e-01 3.755e-01 2.316e-01 2.487e-01 
mixw [208 0] 1.999881e+01

	2.500e-01 1.500e-01 3.500e-01 2.500e-01 
mixw [209 0] 2.200089e+01

	2.272e-01 2.731e-01 2.724e-01 2.273e-01 
mixw [210 0] 4.400277e+01

	2.727e-01 3.885e-01 2.058e-01 1.330e-01 
mixw [211 0] 3.800000e+01

	2.369e-01 1.842e-01 4.210e-01 1.579e-01 
mixw [212 0] 2.999605e+01

	2.007e-01 2.335e-01 2.999e-01 2.659e-01 
mixw [213 0] 1.000000e+00

	2.500e-01 2.500e-01 2.500e-01 2.500e-01 
mixw [214 0] 1.000000e+00

	2.500e-01 2.500e-01 2.500e-01 2.500e-01 
mixw [215 0] 6.900000e+01

	2.527e-01 1.948e-01 4.510e-01 1.014e-01 
mixw [216 0] 7.000000e+00

	2.857e-01 1.429e-01 4.286e-01 1.429e-01 
mixw [217 0] 1.000000e+00

	2.500e-01 2.500e-01 2.500e-01 2.500e-01 
mixw [218 0] 1.457103e+02

	3.312e-01 2.082e-01 3.292e-01 1.314e-01 
mixw [219 0] 4.063651e+02

	4.481e-01 1.958e-01 2.381e-01 1.180e-01 
mixw [220 0] 1.983587e+02

	2.781e-01 2.381e-01 2.120e-01 2.718e-01 
mixw [221 0] 2.000000e+00

	2.500e-01 2.500e-01 2.500e-01 2.500e-01 
mixw [222 0] 1.000000e+00

	2.500e-01 2.500e-01 2.500e-01 2.500e-01 
mixw [223 0] 2.000000e+00

	2.500e-01 2.500e-01 2.500e-01 2.500e-01 
mixw [224 0] 9.000000e+00

	3.333e-01 3.333e-01 2.222e-01 1.111e-01 
mixw [225 0] 6.694637e+01

	2.979e-01 3.123e-01 2.700e-01 1.198e-01 
mixw [226 0] 2.000000e+00

	2.500e-01 2.500e-01 2.500e-01 2.500e-01 
mixw [227 0] 3.099829e+01

	2.903e-01 2.903e-01 2.258e-01 1.936e-01 
mixw [228 0] 4.304323e+01

	3.616e-01 2.621e-01 1.905e-01 1.858e-01 
mixw [229 0] 6.780655e+01

	2.062e-01 3.049e-01 2.429e-01 2.460e-01 
mixw [230 0] 4.299032e+01

	1.627e-01 3.974e-01 2.542e-01 1.858e-01 
mixw [231 0] 5.606020e+01

	1.795e-01 4.451e-01 2.328e-01 1.427e-01 
mixw [232 0] 5.760383e+01

	2.077e-01 2.773e-01 3.195e-01 1.956e-01 
mixw [233 0] 9.983296e+01

	3.159e-01 2.680e-01 2.030e-01 2.131e-01 
mixw [234 0] 7.048848e+01

	2.251e-01 2.768e-01 2.732e-01 2.249e-01 
mixw [235 0] 1.000000e+00

	2.500e-01 2.500e-01 2.500e-01 2.500e-01 
mixw [236 0] 1.000000e+00

	2.500e-01 2.500e-01 2.500e-01 2.500e-01 
mixw [237 0] 1.500000e+01

	2.000e-01 2.000e-01 4.667e-01 1.333e-01 
mixw [238 0] 8.622061e+01

	2.134e-01 2.547e-01 3.693e-01 1.626e-01 
mixw [239 0] 2.000000e+00

	2.500e-01 2.500e-01 2.500e-01 2.500e-01 
mixw [240 0] 9.210751e+01

	1.739e-01 3.192e-01 3.448e-01 1.622e-01 
mixw [241 0] 6.054221e+01

	2.888e-01 2.918e-01 1.976e-01 2.218e-01 
mixw [242 0] 6.452848e+01

	1.704e-01 3.111e-01 2.702e-01 2.483e-01 
mixw [243 0] 5.034362e+01

	1.781e-01 3.044e-01 2.195e-01 2.980e-01 
mixw [244 0] 3.698429e+01

	1.082e-01 4.325e-01 2.971e-01 1.622e-01 
mixw [245 0] 1.400000e+01

	3.571e-01 2.143e-01 2.143e-01 2.143e-01 
mixw [246 0] 1.800000e+01

	2.222e-01 2.778e-01 3.333e-01 1.667e-01 
mixw [247 0] 1.000000e+01

	3.000e-01 1.000e-01 3.000e-01 3.000e-01 
mixw [248 0] 2.000000e+01

	2.500e-01 1.000e-01 4.500e-01 2.000e-01 
mixw [249 0] 2.899885e+01

	1.724e-01 3.103e-01 3.104e-01 2.069e-01 
mixw [250 0] 1.000000e+00

	2.500e-01 2.500e-01 2.500e-01 2.500e-01 
mixw [251 0] 3.399936e+01

	2.059e-01 3.824e-01 1.471e-01 2.647e-01 
mixw [252 0] 1.153103e+02

	3.207e-01 1.928e-01 3.615e-01 1.250e-01 
mixw [253 0] 2.200000e+01

	2.273e-01 1.818e-01 3.636e-01 2.273e-01 
mixw [254 0] 3.100000e+01

	1.600e-01 2.258e-01 2.903e-01 3.239e-01 
mixw [255 0] 2.000000e+00

	2.500e-01 2.500e-01 2.500e-01 2.500e-01 
mixw [256 0] 1.100000e+01

	3.636e-01 2.727e-01 1.818e-01 1.818e-01 
mixw [257 0] 1.000000e+00

	2.500e-01 2.500e-01 2.500e-01 2.500e-01 
mixw [258 0] 1.000000e+00

	2.500e-01 2.500e-01 2.500e-01 2.500e-01 
mixw [259 0] 1.600000e+01

	2.500e-01 2.500e-01 3.125e-01 1.875e-01 
mixw [260 0] 1.000000e+00

	2.500e-01 2.500e-01 2.500e-01 2.500e-01 
mixw [261 0] 1.000000e+00

	2.500e-01 2.500e-01 2.500e-01 2.500e-01 
mixw [262 0] 1.600000e+01

	3.125e-01 1.250e-01 3.125e-01 2.500e-01 
mixw [263 0] 1.000000e+00

	2.500e-01 2.500e-01 2.500e-01 2.500e-01 
mixw [264 0] 2.000000e+00

	2.500e-01 2.500e-01 2.500e-01 2.500e-01 
mixw [265 0] 1.000000e+00

	2.500e-01 2.500e-01 2.500e-01 2.500e-01 
mixw [266 0] 2.200000e+01

	2.727e-01 4.091e-01 1.818e-01 1.364e-01 
mixw [267 0] 2.813618e+01

	2.132e-01 2.892e-01 2.488e-01 2.488e-01 
mixw [268 0] 5.000000e+00

	2.000e-01 2.000e-01 4.000e-01 2.000e-01 
mixw [269 0] 1.400001e+01

	2.143e-01 2.143e-01 2.857e-01 2.857e-01 
mixw [270 0] 1.000000e+00

	2.500e-01 2.500e-01 2.500e-01 2.500e-01 
mixw [271 0] 1.000000e+00

	2.500e-01 2.500e-01 2.500e-01 2.500e-01 
mixw [272 0] 1.000000e+00

	2.500e-01 2.500e-01 2.500e-01 2.500e-01 
mixw [273 0] 7.213679e+01

	2.570e-01 2.953e-01 2.952e-01 1.525e-01 
mixw [274 0] 1.070005e+02

	3.634e-01 1.577e-01 2.908e-01 1.881e-01 
mixw [275 0] 4.000000e+00

	2.500e-01 2.500e-01 2.500e-01 2.500e-01 
mixw [276 0] 2.000000e+00

	2.500e-01 2.500e-01 2.500e-01 2.500e-01 
mixw [277 0] 1.359996e+02

	3.893e-01 1.458e-01 3.321e-01 1.328e-01 
mixw [278 0] 1.200000e+01

	8.333e-02 2.500e-01 5.000e-01 1.667e-01 
mixw [279 0] 1.500000e+01

	2.667e-01 3.333e-01 2.000e-01 2.000e-01 
mixw [280 0] 1.000000e+00

	2.500e-01 2.500e-01 2.500e-01 2.500e-01 
mixw [281 0] 1.000000e+00

	2.500e-01 2.500e-01 2.500e-01 2.500e-01 
mixw [282 0] 4.899971e+01

	3.104e-01 1.633e-01 4.038e-01 1.224e-01 
mixw [283 0] 1.900000e+01

	1.579e-01 3.158e-01 3.158e-01 2.105e-01 
mixw [284 0] 7.594024e+01

	3.041e-01 1.784e-01 3.330e-01 1.845e-01 
mixw [285 0] 8.758751e+01

	1.141e-01 2.612e-01 3.268e-01 2.979e-01 
mixw [286 0] 6.337170e+01

	1.891e-01 2.142e-01 3.282e-01 2.685e-01 
mixw [287 0] 1.883570e+02

	3.809e-01 1.921e-01 2.785e-01 1.485e-01 
mixw [288 0] 1.543154e+02

	3.248e-01 2.094e-01 2.136e-01 2.522e-01 
mixw [289 0] 1.398715e+02

	2.890e-01 2.438e-01 2.490e-01 2.182e-01 
mixw [290 0] 1.080535e+02

	2.268e-01 3.057e-01 2.775e-01 1.900e-01 
mixw [291 0] 1.000000e+00

	2.500e-01 2.500e-01 2.500e-01 2.500e-01 
mixw [292 0] 1.000000e+00

	2.500e-01 2.500e-01 2.500e-01 2.500e-01 
mixw [293 0] 6.057912e+01

	1.819e-01 2.839e-01 2.806e-01 2.535e-01 
mixw [294 0] 1.107778e+02

	1.884e-01 3.178e-01 2.559e-01 2.380e-01 
mixw [295 0] 2.100000e+01

	1.905e-01 2.381e-01 3.333e-01 2.381e-01 
mixw [296 0] 1.000000e+00

	2.500e-01 2.500e-01 2.500e-01 2.500e-01 
mixw [297 0] 1.337836e+02

	1.999e-01 3.397e-01 2.928e-01 1.675e-01 
mixw [298 0] 6.000000e+00

	1.667e-01 3.333e-01 1.667e-01 3.333e-01 
mixw [299 0] 7.000000e+00

	4.286e-01 1.429e-01 2.857e-01 1.429e-01 
mixw [300 0] 1.000000e+01

	3.000e-01 3.000e-01 2.000e-01 2.000e-01 
mixw [301 0] 1.094235e+02

	3.358e-01 2.734e-01 2.023e-01 1.885e-01 
mixw [302 0] 1.391398e+02

	2.832e-01 1.614e-01 3.814e-01 1.739e-01 
mixw [303 0] 1.527230e+02

	3.294e-01 1.889e-01 2.609e-01 2.208e-01 
mixw [304 0] 1.042882e+02

	2.462e-01 2.181e-01 3.745e-01 1.612e-01 
mixw [305 0] 3.300000e+01

	1.533e-01 3.026e-01 3.320e-01 2.121e-01 
mixw [306 0] 7.000000e+00

	4.286e-01 2.857e-01 1.429e-01 1.429e-01 
mixw [307 0] 1.000000e+00

	2.500e-01 2.500e-01 2.500e-01 2.500e-01 
mixw [308 0] 1.000000e+01

	2.000e-01 2.000e-01 4.000e-01 2.000e-01 
mixw [309 0] 1.400000e+01

	7.143e-02 6.429e-01 2.143e-01 7.143e-02 
mixw [310 0] 2.200002e+01

	3.182e-01 3.182e-01 1.818e-01 1.818e-01 
mixw [311 0] 1.000000e+00

	2.500e-01 2.500e-01 2.500e-01 2.500e-01 
mixw [312 0] 1.000000e+00

	2.500e-01 2.500e-01 2.500e-01 2.500e-01 
mixw [313 0] 1.000000e+00

	2.500e-01 2.500e-01 2.500e-01 2.500e-01 
mixw [314 0] 1.000000e+00

	2.500e-01 2.500e-01 2.500e-01 2.500e-01 
mixw [315 0] 1.000000e+00

	2.500e-01 2.500e-01 2.500e-01 2.500e-01 
mixw [316 0] 6.000000e+00

	1.667e-01 3.333e-01 3.333e-01 1.667e-01 
mixw [317 0] 1.000000e+00

	2.500e-01 2.500e-01 2.500e-01 2.500e-01 
mixw [318 0] 8.000000e+00

	2.500e-01 2.500e-01 3.750e-01 1.250e-01 
mixw [319 0] 8.336167e+01

	3.249e-01 2.678e-01 2.077e-01 1.996e-01 
mixw [320 0] 7.822762e+01

	2.994e-01 3.074e-01 2.243e-01 1.689e-01 
mixw [321 0] 1.088463e+02

	2.167e-01 2.258e-01 2.522e-01 3.052e-01 
mixw [322 0] 7.466510e+01

	2.859e-01 3.088e-01 2.424e-01 1.629e-01 
mixw [323 0] 8.741135e+01

	2.403e-01 2.898e-01 3.132e-01 1.566e-01 
mixw [324 0] 1.700000e+01

	4.481e-01 1.176e-01 3.166e-01 1.176e-01 
mixw [325 0] 2.345472e+02

	3.268e-01 3.203e-01 1.688e-01 1.840e-01 
mixw [326 0] 1.400000e+01

	2.857e-01 2.857e-01 2.143e-01 2.143e-01 
mixw [327 0] 2.000000e+01

	2.500e-01 2.500e-01 3.500e-01 1.500e-01 
mixw [328 0] 2.100000e+01

	1.905e-01 1.905e-01 4.286e-01 1.905e-01 
mixw [329 0] 7.000000e+00

	2.857e-01 2.857e-01 2.857e-01 1.429e-01 
mixw [330 0] 1.200000e+01

	1.667e-01 3.333e-01 4.167e-01 8.333e-02 
mixw [331 0] 1.401476e+02

	2.757e-01 3.104e-01 1.838e-01 2.301e-01 
mixw [332 0] 2.222704e+02

	2.134e-01 2.181e-01 3.115e-01 2.571e-01 
mixw [333 0] 2.000000e+00

	2.500e-01 2.500e-01 2.500e-01 2.500e-01 
mixw [334 0] 1.200000e+01

	1.667e-01 5.000e-01 1.667e-01 1.667e-01 
mixw [335 0] 4.093195e+01

	1.466e-01 2.198e-01 4.870e-01 1.466e-01 
mixw [336 0] 1.500000e+01

	2.667e-01 2.667e-01 3.333e-01 1.333e-01 
mixw [337 0] 5.859385e+01

	2.615e-01 2.905e-01 2.945e-01 1.535e-01 
mixw [338 0] 2.898999e+01

	2.070e-01 1.725e-01 3.449e-01 2.757e-01 
mixw [339 0] 2.900014e+01

	3.077e-01 2.768e-01 2.777e-01 1.379e-01 
mixw [340 0] 1.000000e+00

	2.500e-01 2.500e-01 2.500e-01 2.500e-01 
mixw [341 0] 1.000000e+00

	2.500e-01 2.500e-01 2.500e-01 2.500e-01 
mixw [342 0] 6.700044e+01

	2.841e-01 2.719e-01 3.245e-01 1.194e-01 
mixw [343 0] 2.099922e+01

	1.429e-01 2.857e-01 2.857e-01 2.857e-01 
mixw [344 0] 7.000000e+00

	2.857e-01 2.857e-01 2.857e-01 1.429e-01 
mixw [345 0] 1.000000e+00

	2.500e-01 2.500e-01 2.500e-01 2.500e-01 
mixw [346 0] 1.000000e+00

	2.500e-01 2.500e-01 2.500e-01 2.500e-01 
mixw [347 0] 7.978224e+01

	1.683e-01 4.281e-01 2.312e-01 1.724e-01 
mixw [348 0] 5.104578e+01

	2.357e-01 3.128e-01 1.764e-01 2.751e-01 
mixw [349 0] 4.411077e+01

	3.627e-01 2.528e-01 2.258e-01 1.587e-01 
mixw [350 0] 1.999999e+01

	2.500e-01 3.000e-01 2.000e-01 2.500e-01 
mixw [351 0] 9.000000e+00

	3.333e-01 1.111e-01 4.444e-01 1.111e-01 
mixw [352 0] 4.899222e+01

	3.060e-01 1.631e-01 3.266e-01 2.043e-01 
mixw [353 0] 5.199999e+01

	1.473e-01 3.271e-01 3.080e-01 2.176e-01 
mixw [354 0] 3.100392e+01

	1.613e-01 3.871e-01 2.580e-01 1.936e-01 
mixw [355 0] 7.499789e+01

	1.734e-01 2.876e-01 2.563e-01 2.827e-01 
mixw [356 0] 2.000000e+00

	2.500e-01 2.500e-01 2.500e-01 2.500e-01 
mixw [357 0] 1.000000e+00

	2.500e-01 2.500e-01 2.500e-01 2.500e-01 
mixw [358 0] 1.000000e+00

	2.500e-01 2.500e-01 2.500e-01 2.500e-01 
mixw [359 0] 1.000000e+00

	2.500e-01 2.500e-01 2.500e-01 2.500e-01 
mixw [360 0] 1.000000e+00

	2.500e-01 2.500e-01 2.500e-01 2.500e-01 
mixw [361 0] 1.400000e+01

	2.143e-01 2.143e-01 2.857e-01 2.857e-01 
mixw [362 0] 1.000000e+00

	2.500e-01 2.500e-01 2.500e-01 2.500e-01 
mixw [363 0] 1.000000e+00

	2.500e-01 2.500e-01 2.500e-01 2.500e-01 
mixw [364 0] 3.393126e+01

	3.813e-01 2.063e-01 3.239e-01 8.841e-02 
mixw [365 0] 5.097640e+01

	2.701e-01 2.936e-01 2.795e-01 1.569e-01 
mixw [366 0] 1.000000e+01

	2.000e-01 4.000e-01 3.000e-01 1.000e-01 
mixw [367 0] 1.000000e+00

	2.500e-01 2.500e-01 2.500e-01 2.500e-01 
mixw [368 0] 1.000000e+00

	2.500e-01 2.500e-01 2.500e-01 2.500e-01 
mixw [369 0] 1.000000e+00

	2.500e-01 2.500e-01 2.500e-01 2.500e-01 
mixw [370 0] 4.202882e+01

	3.568e-01 2.141e-01 2.384e-01 1.907e-01 
mixw [371 0] 4.094246e+01

	2.199e-01 2.438e-01 2.679e-01 2.684e-01 
mixw [372 0] 1.000000e+00

	2.500e-01 2.500e-01 2.500e-01 2.500e-01 
mixw [373 0] 8.455036e+01

	3.259e-01 1.423e-01 3.385e-01 1.933e-01 
mixw [374 0] 1.405181e+02

	2.713e-01 2.692e-01 2.548e-01 2.047e-01 
mixw [375 0] 1.700000e+01

	1.765e-01 2.941e-01 2.353e-01 2.941e-01 
mixw [376 0] 1.200000e+01

	1.667e-01 3.333e-01 2.500e-01 2.500e-01 
mixw [377 0] 1.309047e+02

	2.894e-01 2.807e-01 2.441e-01 1.858e-01 
mixw [378 0] 2.680357e+02

	3.088e-01 2.261e-01 2.622e-01 2.029e-01 
mixw [379 0] 3.397749e+01

	2.354e-01 2.649e-01 2.936e-01 2.060e-01 
mixw [380 0] 1.000000e+01

	1.000e-01 3.000e-01 3.000e-01 3.000e-01 
mixw [381 0] 5.000000e+00

	4.000e-01 2.000e-01 2.000e-01 2.000e-01 
mixw [382 0] 1.680573e+01

	2.380e-01 2.380e-01 3.455e-01 1.785e-01 
mixw [383 0] 1.128393e+02

	2.636e-01 1.640e-01 3.686e-01 2.038e-01 
mixw [384 0] 1.416665e+02

	1.076e-01 4.561e-01 2.061e-01 2.302e-01 
mixw [385 0] 1.403423e+02

	2.161e-01 2.944e-01 2.865e-01 2.030e-01 
mixw [386 0] 5.985755e+01

	2.971e-01 1.838e-01 2.851e-01 2.340e-01 
mixw [387 0] 3.308528e+01

	2.091e-01 2.720e-01 2.116e-01 3.073e-01 
mixw [388 0] 7.582981e+01

	3.421e-01 2.134e-01 2.338e-01 2.108e-01 
mixw [389 0] 2.473053e+02

	3.214e-01 2.015e-01 2.718e-01 2.054e-01 
mixw [390 0] 1.845014e+02

	2.724e-01 2.835e-01 2.160e-01 2.281e-01 
mixw [391 0] 2.043768e+02

	2.308e-01 2.906e-01 3.034e-01 1.753e-01 
mixw [392 0] 4.201892e+01

	2.142e-01 4.284e-01 1.909e-01 1.665e-01 
mixw [393 0] 2.199980e+01

	3.182e-01 2.273e-01 3.182e-01 1.364e-01 
mixw [394 0] 1.000000e+00

	2.500e-01 2.500e-01 2.500e-01 2.500e-01 
mixw [395 0] 4.000000e+00

	2.500e-01 2.500e-01 2.500e-01 2.500e-01 
mixw [396 0] 3.000000e+00

	1.667e-01 3.333e-01 3.333e-01 1.667e-01 
mixw [397 0] 5.800000e+01

	2.750e-01 1.724e-01 4.491e-01 1.035e-01 
mixw [398 0] 1.000000e+00

	2.500e-01 2.500e-01 2.500e-01 2.500e-01 
mixw [399 0] 1.000000e+00

	2.500e-01 2.500e-01 2.500e-01 2.500e-01 
mixw [400 0] 4.498950e+01

	2.666e-01 2.445e-01 2.444e-01 2.445e-01 
mixw [401 0] 1.800000e+01

	2.778e-01 2.778e-01 2.222e-01 2.222e-01 
mixw [402 0] 2.999978e+01

	1.333e-01 3.666e-01 2.695e-01 2.306e-01 
mixw [403 0] 1.000000e+00

	2.500e-01 2.500e-01 2.500e-01 2.500e-01 
mixw [404 0] 1.000000e+00

	2.500e-01 2.500e-01 2.500e-01 2.500e-01 
mixw [405 0] 5.396286e+01

	2.608e-01 2.933e-01 2.422e-01 2.036e-01 
mixw [406 0] 1.000000e+00

	2.500e-01 2.500e-01 2.500e-01 2.500e-01 
mixw [407 0] 1.000000e+00

	2.500e-01 2.500e-01 2.500e-01 2.500e-01 
mixw [408 0] 2.900056e+01

	3.102e-01 1.724e-01 3.106e-01 2.068e-01 
mixw [409 0] 4.496782e+01

	1.996e-01 2.890e-01 2.447e-01 2.668e-01 
mixw [410 0] 1.060254e+02

	3.660e-01 1.598e-01 3.205e-01 1.537e-01 
mixw [411 0] 1.149003e+02

	1.997e-01 2.323e-01 2.831e-01 2.849e-01 
mixw [412 0] 1.192397e+02

	2.462e-01 2.457e-01 3.321e-01 1.761e-01 
mixw [413 0] 4.473661e+01

	2.683e-01 2.007e-01 2.463e-01 2.848e-01 
mixw [414 0] 3.798310e+01

	2.633e-01 2.629e-01 2.631e-01 2.107e-01 
mixw [415 0] 4.588239e+01

	2.615e-01 1.303e-01 3.902e-01 2.180e-01 
mixw [416 0] 1.300000e+01

	1.538e-01 3.077e-01 3.077e-01 2.308e-01 
mixw [417 0] 1.600000e+01

	1.875e-01 2.500e-01 2.500e-01 3.125e-01 
mixw [418 0] 1.100000e+01

	2.727e-01 2.727e-01 2.727e-01 1.818e-01 
mixw [419 0] 9.393300e+01

	3.441e-01 2.578e-01 2.820e-01 1.160e-01 
mixw [420 0] 1.799971e+01

	1.667e-01 2.778e-01 3.333e-01 2.222e-01 
mixw [421 0] 5.000000e+00

	4.000e-01 2.000e-01 2.000e-01 2.000e-01 
mixw [422 0] 1.800000e+01

	5.556e-02 3.878e-01 3.344e-01 2.222e-01 
mixw [423 0] 1.200000e+01

	2.500e-01 2.500e-01 3.333e-01 1.667e-01 
mixw [424 0] 1.144374e+02

	2.854e-01 1.121e-01 4.227e-01 1.798e-01 
mixw [425 0] 9.819312e+01

	2.843e-01 2.299e-01 2.632e-01 2.226e-01 
mixw [426 0] 3.000000e+00

	3.333e-01 1.667e-01 3.333e-01 1.667e-01 
mixw [427 0] 1.000000e+00

	2.500e-01 2.500e-01 2.500e-01 2.500e-01 
mixw [428 0] 1.000000e+00

	2.500e-01 2.500e-01 2.500e-01 2.500e-01 
mixw [429 0] 1.800000e+01

	1.667e-01 2.778e-01 3.889e-01 1.667e-01 
mixw [430 0] 3.999977e+01

	3.002e-01 1.000e-01 4.998e-01 1.000e-01 
mixw [431 0] 2.000000e+01

	1.500e-01 4.000e-01 3.000e-01 1.500e-01 
mixw [432 0] 1.000000e+00

	2.500e-01 2.500e-01 2.500e-01 2.500e-01 
mixw [433 0] 1.699962e+01

	2.348e-01 2.941e-01 2.946e-01 1.765e-01 
mixw [434 0] 1.000000e+01

	3.000e-01 2.000e-01 3.000e-01 2.000e-01 
mixw [435 0] 1.000000e+01

	3.000e-01 2.000e-01 2.000e-01 3.000e-01 
mixw [436 0] 5.000000e+00

	2.000e-01 2.000e-01 4.000e-01 2.000e-01 
mixw [437 0] 2.400000e+01

	3.333e-01 1.250e-01 3.333e-01 2.083e-01 
mixw [438 0] 2.398654e+01

	2.085e-01 3.335e-01 2.913e-01 1.668e-01 
mixw [439 0] 1.000000e+00

	2.500e-01 2.500e-01 2.500e-01 2.500e-01 
mixw [440 0] 1.000000e+00

	2.500e-01 2.500e-01 2.500e-01 2.500e-01 
mixw [441 0] 2.900000e+01

	1.724e-01 3.112e-01 2.750e-01 2.414e-01 
mixw [442 0] 2.800001e+01

	2.624e-01 1.786e-01 4.519e-01 1.071e-01 
mixw [443 0] 9.000000e+00

	3.333e-01 2.222e-01 3.333e-01 1.111e-01 
mixw [444 0] 1.000000e+00

	2.500e-01 2.500e-01 2.500e-01 2.500e-01 
mixw [445 0] 1.000000e+00

	2.500e-01 2.500e-01 2.500e-01 2.500e-01 
mixw [446 0] 4.400000e+01

	3.803e-01 1.136e-01 4.379e-01 6.818e-02 
mixw [447 0] 1.200000e+01

	2.500e-01 2.500e-01 2.500e-01 2.500e-01 
mixw [448 0] 2.900000e+01

	2.414e-01 2.414e-01 2.759e-01 2.414e-01 
mixw [449 0] 1.000000e+00

	2.500e-01 2.500e-01 2.500e-01 2.500e-01 
