tmat 50 4
tmat [0]
 9.346e-01 6.536e-02 0.000e+00 0.000e+00
 0.000e+00 8.986e-01 1.014e-01 0.000e+00
 0.000e+00 0.000e+00 9.661e-01 3.388e-02
tmat [1]
 8.333e-01 1.667e-01 0.000e+00 0.000e+00
 0.000e+00 9.231e-01 7.692e-02 0.000e+00
 0.000e+00 0.000e+00 7.143e-01 2.857e-01
tmat [2]
 9.623e-01 3.773e-02 0.000e+00 0.000e+00
 0.000e+00 9.338e-01 6.617e-02 0.000e+00
 0.000e+00 0.000e+00 8.710e-01 1.290e-01
tmat [3]
 9.762e-01 2.381e-02 0.000e+00 0.000e+00
 0.000e+00 9.630e-01 3.704e-02 0.000e+00
 0.000e+00 0.000e+00 9.867e-01 1.334e-02
tmat [4]
 9.722e-01 2.778e-02 0.000e+00 0.000e+00
 0.000e+00 9.583e-01 4.167e-02 0.000e+00
 0.000e+00 0.000e+00 9.630e-01 3.704e-02
tmat [5]
 6.805e-01 3.195e-01 0.000e+00 0.000e+00
 0.000e+00 6.989e-01 3.011e-01 0.000e+00
 0.000e+00 0.000e+00 7.299e-01 2.701e-01
tmat [6]
 7.225e-01 2.775e-01 0.000e+00 0.000e+00
 0.000e+00 6.335e-01 3.665e-01 0.000e+00
 0.000e+00 0.000e+00 8.077e-01 1.923e-01
tmat [7]
 7.555e-01 2.445e-01 0.000e+00 0.000e+00
 0.000e+00 6.452e-01 3.548e-01 0.000e+00
 0.000e+00 0.000e+00 7.359e-01 2.641e-01
tmat [8]
 9.667e-01 3.333e-02 0.000e+00 0.000e+00
 0.000e+00 4.000e-01 6.000e-01 0.000e+00
 0.000e+00 0.000e+00 7.273e-01 2.727e-01
tmat [9]
 5.713e-01 4.287e-01 0.000e+00 0.000e+00
 0.000e+00 5.527e-01 4.473e-01 0.000e+00
 0.000e+00 0.000e+00 9.045e-01 9.549e-02
tmat [10]
 6.171e-01 3.829e-01 0.000e+00 0.000e+00
 0.000e+00 6.250e-01 3.750e-01 0.000e+00
 0.000e+00 0.000e+00 4.996e-01 5.004e-01
tmat [11]
 5.097e-01 4.903e-01 0.000e+00 0.000e+00
 0.000e+00 1.499e-01 8.501e-01 0.000e+00
 0.000e+00 0.000e+00 2.273e-01 7.727e-01
tmat [12]
 8.864e-01 1.136e-01 0.000e+00 0.000e+00
 0.000e+00 9.265e-01 7.353e-02 0.000e+00
 0.000e+00 0.000e+00 9.367e-01 6.329e-02
tmat [13]
 6.500e-01 3.500e-01 0.000e+00 0.000e+00
 0.000e+00 8.745e-01 1.255e-01 0.000e+00
 0.000e+00 0.000e+00 7.429e-01 2.571e-01
tmat [14]
 8.333e-01 1.667e-01 0.000e+00 0.000e+00
 0.000e+00 5.586e-01 4.414e-01 0.000e+00
 0.000e+00 0.000e+00 7.198e-01 2.802e-01
tmat [15]
 6.976e-01 3.024e-01 0.000e+00 0.000e+00
 0.000e+00 7.681e-01 2.319e-01 0.000e+00
 0.000e+00 0.000e+00 7.743e-01 2.257e-01
tmat [16]
 5.192e-01 4.808e-01 0.000e+00 0.000e+00
 0.000e+00 3.190e-01 6.810e-01 0.000e+00
 0.000e+00 0.000e+00 5.438e-01 4.562e-01
tmat [17]
 6.200e-01 3.800e-01 0.000e+00 0.000e+00
 0.000e+00 4.219e-01 5.781e-01 0.000e+00
 0.000e+00 0.000e+00 4.576e-01 5.424e-01
tmat [18]
 5.431e-01 4.569e-01 0.000e+00 0.000e+00
 0.000e+00 3.781e-01 6.219e-01 0.000e+00
 0.000e+00 0.000e+00 8.175e-01 1.825e-01
tmat [19]
 7.572e-01 2.428e-01 0.000e+00 0.000e+00
 0.000e+00 8.428e-01 1.572e-01 0.000e+00
 0.000e+00 0.000e+00 6.118e-01 3.882e-01
tmat [20]
 9.565e-01 4.348e-02 0.000e+00 0.000e+00
 0.000e+00 7.647e-01 2.353e-01 0.000e+00
 0.000e+00 0.000e+00 3.684e-01 6.316e-01
tmat [21]
 8.947e-01 1.053e-01 0.000e+00 0.000e+00
 0.000e+00 9.087e-01 9.134e-02 0.000e+00
 0.000e+00 0.000e+00 8.738e-01 1.262e-01
tmat [22]
 5.328e-01 4.672e-01 0.000e+00 0.000e+00
 0.000e+00 4.297e-01 5.703e-01 0.000e+00
 0.000e+00 0.000e+00 3.709e-01 6.291e-01
tmat [23]
 5.465e-01 4.535e-01 0.000e+00 0.000e+00
 0.000e+00 7.492e-01 2.508e-01 0.000e+00
 0.000e+00 0.000e+00 6.337e-01 3.663e-01
tmat [24]
 3.333e-01 6.667e-01 0.000e+00 0.000e+00
 0.000e+00 4.286e-01 5.714e-01 0.000e+00
 0.000e+00 0.000e+00 6.000e-01 4.000e-01
tmat [25]
 5.979e-01 4.021e-01 0.000e+00 0.000e+00
 0.000e+00 6.838e-01 3.162e-01 0.000e+00
 0.000e+00 0.000e+00 7.119e-01 2.881e-01
tmat [26]
 4.726e-01 5.274e-01 0.000e+00 0.000e+00
 0.000e+00 7.111e-01 2.889e-01 0.000e+00
 0.000e+00 0.000e+00 2.969e-01 7.031e-01
tmat [27]
 5.903e-01 4.097e-01 0.000e+00 0.000e+00
 0.000e+00 4.053e-01 5.947e-01 0.000e+00
 0.000e+00 0.000e+00 5.284e-01 4.716e-01
tmat [28]
 6.581e-01 3.419e-01 0.000e+00 0.000e+00
 0.000e+00 5.984e-01 4.016e-01 0.000e+00
 0.000e+00 0.000e+00 6.131e-01 3.869e-01
tmat [29]
 9.272e-01 7.282e-02 0.000e+00 0.000e+00
 0.000e+00 7.333e-01 2.667e-01 0.000e+00
 0.000e+00 0.000e+00 9.317e-01 6.827e-02
tmat [30]
 6.206e-01 3.794e-01 0.000e+00 0.000e+00
 0.000e+00 6.207e-01 3.793e-01 0.000e+00
 0.000e+00 0.000e+00 8.889e-01 1.111e-01
tmat [31]
 7.493e-01 2.507e-01 0.000e+00 0.000e+00
 0.000e+00 6.082e-01 3.918e-01 0.000e+00
 0.000e+00 0.000e+00 5.466e-01 4.534e-01
tmat [32]
 9.500e-01 5.000e-02 0.000e+00 0.000e+00
 0.000e+00 8.889e-01 1.111e-01 0.000e+00
 0.000e+00 0.000e+00 9.796e-01 2.041e-02
tmat [33]
 8.695e-01 1.305e-01 0.000e+00 0.000e+00
 0.000e+00 5.813e-01 4.187e-01 0.000e+00
 0.000e+00 0.000e+00 5.742e-01 4.258e-01
tmat [34]
 5.303e-01 4.697e-01 0.000e+00 0.000e+00
 0.000e+00 5.873e-01 4.127e-01 0.000e+00
 0.000e+00 0.000e+00 7.538e-01 2.462e-01
tmat [35]
 6.473e-01 3.527e-01 0.000e+00 0.000e+00
 0.000e+00 5.553e-01 4.447e-01 0.000e+00
 0.000e+00 0.000e+00 5.511e-01 4.489e-01
tmat [36]
 6.659e-01 3.341e-01 0.000e+00 0.000e+00
 0.000e+00 3.955e-01 6.045e-01 0.000e+00
 0.000e+00 0.000e+00 7.363e-01 2.637e-01
tmat [37]
 9.490e-01 5.099e-02 0.000e+00 0.000e+00
 0.000e+00 9.553e-01 4.472e-02 0.000e+00
 0.000e+00 0.000e+00 9.578e-01 4.219e-02
tmat [38]
 7.089e-01 2.911e-01 0.000e+00 0.000e+00
 0.000e+00 6.098e-01 3.902e-01 0.000e+00
 0.000e+00 0.000e+00 6.477e-01 3.523e-01
tmat [39]
 8.334e-01 1.666e-01 0.000e+00 0.000e+00
 0.000e+00 6.818e-01 3.182e-01 0.000e+00
 0.000e+00 0.000e+00 8.971e-01 1.029e-01
tmat [40]
 9.555e-01 4.445e-02 0.000e+00 0.000e+00
 0.000e+00 8.889e-01 1.111e-01 0.000e+00
 0.000e+00 0.000e+00 9.333e-01 6.667e-02
tmat [41]
 7.930e-01 2.070e-01 0.000e+00 0.000e+00
 0.000e+00 5.862e-01 4.138e-01 0.000e+00
 0.000e+00 0.000e+00 7.331e-01 2.669e-01
tmat [42]
 8.302e-01 1.698e-01 0.000e+00 0.000e+00
 0.000e+00 8.433e-01 1.567e-01 0.000e+00
 0.000e+00 0.000e+00 8.490e-01 1.510e-01
tmat [43]
 5.529e-01 4.471e-01 0.000e+00 0.000e+00
 0.000e+00 4.735e-01 5.265e-01 0.000e+00
 0.000e+00 0.000e+00 5.641e-01 4.359e-01
tmat [44]
 4.615e-01 5.385e-01 0.000e+00 0.000e+00
 0.000e+00 5.625e-01 4.375e-01 0.000e+00
 0.000e+00 0.000e+00 3.636e-01 6.364e-01
tmat [45]
 4.890e-01 5.110e-01 0.000e+00 0.000e+00
 0.000e+00 7.133e-01 2.867e-01 0.000e+00
 0.000e+00 0.000e+00 5.112e-01 4.888e-01
tmat [46]
 6.667e-01 3.333e-01 0.000e+00 0.000e+00
 0.000e+00 0.000e+00 1.000e+00 0.000e+00
 0.000e+00 0.000e+00 0.000e+00 1.000e+00
tmat [47]
 9.655e-01 3.448e-02 0.000e+00 0.000e+00
 0.000e+00 9.048e-01 9.524e-02 0.000e+00
 0.000e+00 0.000e+00 9.259e-01 7.408e-02
tmat [48]
 9.000e-01 1.000e-01 0.000e+00 0.000e+00
 0.000e+00 8.000e-01 2.000e-01 0.000e+00
 0.000e+00 0.000e+00 9.583e-01 4.167e-02
tmat [49]
 5.831e-01 4.169e-01 0.000e+00 0.000e+00
 0.000e+00 8.529e-01 1.471e-01 0.000e+00
 0.000e+00 0.000e+00 8.864e-01 1.136e-01
