mixw 450 1 1
mixw [0 0] 1.206236e+02

	1.000e+00 
mixw [1 0] 8.128008e+01

	1.000e+00 
mixw [2 0] 2.314459e+02

	1.000e+00 
mixw [3 0] 1.200000e+01

	1.000e+00 
mixw [4 0] 2.600000e+01

	1.000e+00 
mixw [5 0] 6.999998e+00

	1.000e+00 
mixw [6 0] 2.052099e+02

	1.000e+00 
mixw [7 0] 1.282483e+02

	1.000e+00 
mixw [8 0] 5.797705e+01

	1.000e+00 
mixw [9 0] 4.302309e+01

	1.000e+00 
mixw [10 0] 2.597748e+01

	1.000e+00 
mixw [11 0] 7.635384e+01

	1.000e+00 
mixw [12 0] 3.583142e+01

	1.000e+00 
mixw [13 0] 2.404355e+01

	1.000e+00 
mixw [14 0] 2.698991e+01

	1.000e+00 
mixw [15 0] 7.064154e+01

	1.000e+00 
mixw [16 0] 8.496284e+01

	1.000e+00 
mixw [17 0] 9.373021e+01

	1.000e+00 
mixw [18 0] 1.485574e+02

	1.000e+00 
mixw [19 0] 1.192731e+02

	1.000e+00 
mixw [20 0] 2.103909e+02

	1.000e+00 
mixw [21 0] 1.116973e+02

	1.000e+00 
mixw [22 0] 8.527745e+01

	1.000e+00 
mixw [23 0] 1.187603e+02

	1.000e+00 
mixw [24 0] 8.998888e+01

	1.000e+00 
mixw [25 0] 4.999999e+00

	1.000e+00 
mixw [26 0] 9.993333e+00

	1.000e+00 
mixw [27 0] 1.754118e+02

	1.000e+00 
mixw [28 0] 1.425443e+02

	1.000e+00 
mixw [29 0] 7.687476e+02

	1.000e+00 
mixw [30 0] 4.898907e+01

	1.000e+00 
mixw [31 0] 4.717467e+01

	1.000e+00 
mixw [32 0] 3.175793e+01

	1.000e+00 
mixw [33 0] 2.805898e+01

	1.000e+00 
mixw [34 0] 2.062203e+01

	1.000e+00 
mixw [35 0] 2.437026e+01

	1.000e+00 
mixw [36 0] 4.522076e+01

	1.000e+00 
mixw [37 0] 6.882349e+01

	1.000e+00 
mixw [38 0] 7.899967e+01

	1.000e+00 
mixw [39 0] 1.685093e+02

	1.000e+00 
mixw [40 0] 3.893554e+02

	1.000e+00 
mixw [41 0] 2.187266e+02

	1.000e+00 
mixw [42 0] 1.150229e+02

	1.000e+00 
mixw [43 0] 4.317046e+01

	1.000e+00 
mixw [44 0] 6.498917e+01

	1.000e+00 
mixw [45 0] 3.817213e+01

	1.000e+00 
mixw [46 0] 5.611597e+01

	1.000e+00 
mixw [47 0] 6.216824e+01

	1.000e+00 
mixw [48 0] 1.068459e+02

	1.000e+00 
mixw [49 0] 7.712125e+01

	1.000e+00 
mixw [50 0] 1.087863e+02

	1.000e+00 
mixw [51 0] 9.474499e+01

	1.000e+00 
mixw [52 0] 5.474002e+01

	1.000e+00 
mixw [53 0] 6.416316e+01

	1.000e+00 
mixw [54 0] 5.312246e+01

	1.000e+00 
mixw [55 0] 3.317417e+01

	1.000e+00 
mixw [56 0] 1.272273e+02

	1.000e+00 
mixw [57 0] 1.086228e+02

	1.000e+00 
mixw [58 0] 1.735827e+02

	1.000e+00 
mixw [59 0] 7.665011e+01

	1.000e+00 
mixw [60 0] 2.787415e+02

	1.000e+00 
mixw [61 0] 4.695073e+01

	1.000e+00 
mixw [62 0] 1.611124e+01

	1.000e+00 
mixw [63 0] 7.129898e+01

	1.000e+00 
mixw [64 0] 8.603654e+01

	1.000e+00 
mixw [65 0] 6.682961e+01

	1.000e+00 
mixw [66 0] 1.970331e+02

	1.000e+00 
mixw [67 0] 1.485785e+02

	1.000e+00 
mixw [68 0] 1.460088e+02

	1.000e+00 
mixw [69 0] 1.031994e+02

	1.000e+00 
mixw [70 0] 1.917910e+02

	1.000e+00 
mixw [71 0] 1.425649e+02

	1.000e+00 
mixw [72 0] 6.000035e+00

	1.000e+00 
mixw [73 0] 7.000013e+00

	1.000e+00 
mixw [74 0] 9.990522e+00

	1.000e+00 
mixw [75 0] 1.083875e+02

	1.000e+00 
mixw [76 0] 1.523999e+02

	1.000e+00 
mixw [77 0] 1.484398e+02

	1.000e+00 
mixw [78 0] 8.994543e+01

	1.000e+00 
mixw [79 0] 1.870807e+02

	1.000e+00 
mixw [80 0] 7.978086e+01

	1.000e+00 
mixw [81 0] 1.153095e+02

	1.000e+00 
mixw [82 0] 7.964250e+01

	1.000e+00 
mixw [83 0] 9.059487e+01

	1.000e+00 
mixw [84 0] 2.413467e+02

	1.000e+00 
mixw [85 0] 2.481276e+02

	1.000e+00 
mixw [86 0] 2.179604e+02

	1.000e+00 
mixw [87 0] 5.289199e+01

	1.000e+00 
mixw [88 0] 1.335425e+01

	1.000e+00 
mixw [89 0] 6.006893e+01

	1.000e+00 
mixw [90 0] 2.767555e+01

	1.000e+00 
mixw [91 0] 2.848296e+01

	1.000e+00 
mixw [92 0] 9.901269e+01

	1.000e+00 
mixw [93 0] 7.667166e+01

	1.000e+00 
mixw [94 0] 5.075353e+01

	1.000e+00 
mixw [95 0] 4.400682e+01

	1.000e+00 
mixw [96 0] 1.989544e+01

	1.000e+00 
mixw [97 0] 7.000401e+00

	1.000e+00 
mixw [98 0] 4.999516e+01

	1.000e+00 
mixw [99 0] 2.713718e+02

	1.000e+00 
mixw [100 0] 8.379419e+01

	1.000e+00 
mixw [101 0] 8.435767e+01

	1.000e+00 
mixw [102 0] 1.273950e+02

	1.000e+00 
mixw [103 0] 1.635508e+02

	1.000e+00 
mixw [104 0] 2.486587e+02

	1.000e+00 
mixw [105 0] 1.757156e+02

	1.000e+00 
mixw [106 0] 1.426949e+02

	1.000e+00 
mixw [107 0] 1.405976e+02

	1.000e+00 
mixw [108 0] 6.297488e+01

	1.000e+00 
mixw [109 0] 3.045282e+01

	1.000e+00 
mixw [110 0] 7.196344e+01

	1.000e+00 
mixw [111 0] 4.381732e+02

	1.000e+00 
mixw [112 0] 5.012600e+02

	1.000e+00 
mixw [113 0] 5.173549e+02

	1.000e+00 
mixw [114 0] 2.561951e+02

	1.000e+00 
mixw [115 0] 1.767140e+02

	1.000e+00 
mixw [116 0] 2.088329e+02

	1.000e+00 
mixw [117 0] 4.124720e+01

	1.000e+00 
mixw [118 0] 2.094200e+01

	1.000e+00 
mixw [119 0] 6.800035e+01

	1.000e+00 
mixw [120 0] 4.667290e+01

	1.000e+00 
mixw [121 0] 1.861740e+01

	1.000e+00 
mixw [122 0] 2.737801e+01

	1.000e+00 
mixw [123 0] 6.191484e+01

	1.000e+00 
mixw [124 0] 2.545124e+01

	1.000e+00 
mixw [125 0] 4.171447e+01

	1.000e+00 
mixw [126 0] 8.618281e+01

	1.000e+00 
mixw [127 0] 1.190074e+02

	1.000e+00 
mixw [128 0] 1.381703e+02

	1.000e+00 
mixw [129 0] 4.423817e+01

	1.000e+00 
mixw [130 0] 3.726016e+01

	1.000e+00 
mixw [131 0] 3.984200e+01

	1.000e+00 
mixw [132 0] 1.306281e+01

	1.000e+00 
mixw [133 0] 1.595868e+01

	1.000e+00 
mixw [134 0] 1.142892e+01

	1.000e+00 
mixw [135 0] 8.367358e+01

	1.000e+00 
mixw [136 0] 1.801548e+02

	1.000e+00 
mixw [137 0] 1.036207e+02

	1.000e+00 
mixw [138 0] 3.000000e+00

	1.000e+00 
mixw [139 0] 1.000000e+00

	1.000e+00 
mixw [140 0] 1.000000e+00

	1.000e+00 
mixw [141 0] 5.799535e+01

	1.000e+00 
mixw [142 0] 2.099982e+01

	1.000e+00 
mixw [143 0] 2.698920e+01

	1.000e+00 
mixw [144 0] 1.000000e+01

	1.000e+00 
mixw [145 0] 4.999798e+00

	1.000e+00 
mixw [146 0] 2.291431e+01

	1.000e+00 
mixw [147 0] 2.453551e+01

	1.000e+00 
mixw [148 0] 7.003291e+01

	1.000e+00 
mixw [149 0] 8.596666e+01

	1.000e+00 
mixw [150 0] 7.064154e+01

	1.000e+00 
mixw [151 0] 8.496284e+01

	1.000e+00 
mixw [152 0] 9.373021e+01

	1.000e+00 
mixw [153 0] 1.485574e+02

	1.000e+00 
mixw [154 0] 1.192731e+02

	1.000e+00 
mixw [155 0] 1.999987e+01

	1.000e+00 
mixw [156 0] 7.000000e+00

	1.000e+00 
mixw [157 0] 2.199842e+01

	1.000e+00 
mixw [158 0] 2.297318e+01

	1.000e+00 
mixw [159 0] 1.000000e+00

	1.000e+00 
mixw [160 0] 6.042540e+01

	1.000e+00 
mixw [161 0] 1.300000e+01

	1.000e+00 
mixw [162 0] 1.899867e+01

	1.000e+00 
mixw [163 0] 1.999539e+01

	1.000e+00 
mixw [164 0] 2.499997e+01

	1.000e+00 
mixw [165 0] 1.116973e+02

	1.000e+00 
mixw [166 0] 8.527745e+01

	1.000e+00 
mixw [167 0] 1.187603e+02

	1.000e+00 
mixw [168 0] 8.798888e+01

	1.000e+00 
mixw [169 0] 2.000000e+00

	1.000e+00 
mixw [170 0] 4.999999e+00

	1.000e+00 
mixw [171 0] 9.993333e+00

	1.000e+00 
mixw [172 0] 1.754118e+02

	1.000e+00 
mixw [173 0] 1.000000e+00

	1.000e+00 
mixw [174 0] 1.000000e+00

	1.000e+00 
mixw [175 0] 1.375443e+02

	1.000e+00 
mixw [176 0] 1.000000e+00

	1.000e+00 
mixw [177 0] 1.000000e+00

	1.000e+00 
mixw [178 0] 1.000000e+00

	1.000e+00 
mixw [179 0] 1.000000e+00

	1.000e+00 
mixw [180 0] 9.999994e+00

	1.000e+00 
mixw [181 0] 2.000000e+00

	1.000e+00 
mixw [182 0] 4.000000e+00

	1.000e+00 
mixw [183 0] 3.220131e+02

	1.000e+00 
mixw [184 0] 4.290654e+01

	1.000e+00 
mixw [185 0] 5.699433e+01

	1.000e+00 
mixw [186 0] 2.396456e+01

	1.000e+00 
mixw [187 0] 2.117078e+01

	1.000e+00 
mixw [188 0] 1.500000e+01

	1.000e+00 
mixw [189 0] 8.024616e+01

	1.000e+00 
mixw [190 0] 2.000000e+00

	1.000e+00 
mixw [191 0] 2.899163e+01

	1.000e+00 
mixw [192 0] 1.000000e+00

	1.000e+00 
mixw [193 0] 1.000000e+00

	1.000e+00 
mixw [194 0] 1.000000e+00

	1.000e+00 
mixw [195 0] 1.000000e+00

	1.000e+00 
mixw [196 0] 1.000000e+00

	1.000e+00 
mixw [197 0] 1.000000e+00

	1.000e+00 
mixw [198 0] 1.454605e+02

	1.000e+00 
mixw [199 0] 1.000000e+00

	1.000e+00 
mixw [200 0] 1.000000e+00

	1.000e+00 
mixw [201 0] 3.000000e+00

	1.000e+00 
mixw [202 0] 1.000000e+00

	1.000e+00 
mixw [203 0] 1.000000e+00

	1.000e+00 
mixw [204 0] 4.898907e+01

	1.000e+00 
mixw [205 0] 4.717467e+01

	1.000e+00 
mixw [206 0] 3.175793e+01

	1.000e+00 
mixw [207 0] 2.805898e+01

	1.000e+00 
mixw [208 0] 2.062203e+01

	1.000e+00 
mixw [209 0] 2.437026e+01

	1.000e+00 
mixw [210 0] 4.522076e+01

	1.000e+00 
mixw [211 0] 3.800041e+01

	1.000e+00 
mixw [212 0] 3.082308e+01

	1.000e+00 
mixw [213 0] 1.000000e+00

	1.000e+00 
mixw [214 0] 1.000000e+00

	1.000e+00 
mixw [215 0] 6.899967e+01

	1.000e+00 
mixw [216 0] 7.000000e+00

	1.000e+00 
mixw [217 0] 1.000000e+00

	1.000e+00 
mixw [218 0] 1.685093e+02

	1.000e+00 
mixw [219 0] 3.893554e+02

	1.000e+00 
mixw [220 0] 2.187266e+02

	1.000e+00 
mixw [221 0] 2.000000e+00

	1.000e+00 
mixw [222 0] 1.000000e+00

	1.000e+00 
mixw [223 0] 2.000000e+00

	1.000e+00 
mixw [224 0] 8.999890e+00

	1.000e+00 
mixw [225 0] 7.478915e+01

	1.000e+00 
mixw [226 0] 2.000000e+00

	1.000e+00 
mixw [227 0] 2.423382e+01

	1.000e+00 
mixw [228 0] 4.317046e+01

	1.000e+00 
mixw [229 0] 6.498917e+01

	1.000e+00 
mixw [230 0] 3.817213e+01

	1.000e+00 
mixw [231 0] 5.611597e+01

	1.000e+00 
mixw [232 0] 6.216824e+01

	1.000e+00 
mixw [233 0] 1.068459e+02

	1.000e+00 
mixw [234 0] 7.712125e+01

	1.000e+00 
mixw [235 0] 1.000000e+00

	1.000e+00 
mixw [236 0] 1.000000e+00

	1.000e+00 
mixw [237 0] 1.499984e+01

	1.000e+00 
mixw [238 0] 8.978650e+01

	1.000e+00 
mixw [239 0] 2.000000e+00

	1.000e+00 
mixw [240 0] 9.474499e+01

	1.000e+00 
mixw [241 0] 5.474002e+01

	1.000e+00 
mixw [242 0] 6.416316e+01

	1.000e+00 
mixw [243 0] 5.312246e+01

	1.000e+00 
mixw [244 0] 3.317417e+01

	1.000e+00 
mixw [245 0] 1.399847e+01

	1.000e+00 
mixw [246 0] 1.799900e+01

	1.000e+00 
mixw [247 0] 9.999983e+00

	1.000e+00 
mixw [248 0] 1.999566e+01

	1.000e+00 
mixw [249 0] 3.109058e+01

	1.000e+00 
mixw [250 0] 1.000000e+00

	1.000e+00 
mixw [251 0] 3.314360e+01

	1.000e+00 
mixw [252 0] 1.086228e+02

	1.000e+00 
mixw [253 0] 2.200000e+01

	1.000e+00 
mixw [254 0] 3.098912e+01

	1.000e+00 
mixw [255 0] 2.000000e+00

	1.000e+00 
mixw [256 0] 1.100018e+01

	1.000e+00 
mixw [257 0] 1.000000e+00

	1.000e+00 
mixw [258 0] 1.000000e+00

	1.000e+00 
mixw [259 0] 1.600000e+01

	1.000e+00 
mixw [260 0] 1.000000e+00

	1.000e+00 
mixw [261 0] 1.000000e+00

	1.000e+00 
mixw [262 0] 1.499867e+01

	1.000e+00 
mixw [263 0] 1.000000e+00

	1.000e+00 
mixw [264 0] 2.000000e+00

	1.000e+00 
mixw [265 0] 1.000000e+00

	1.000e+00 
mixw [266 0] 2.199999e+01

	1.000e+00 
mixw [267 0] 2.459494e+01

	1.000e+00 
mixw [268 0] 5.000000e+00

	1.000e+00 
mixw [269 0] 1.399981e+01

	1.000e+00 
mixw [270 0] 1.000000e+00

	1.000e+00 
mixw [271 0] 1.000000e+00

	1.000e+00 
mixw [272 0] 1.000000e+00

	1.000e+00 
mixw [273 0] 7.665011e+01

	1.000e+00 
mixw [274 0] 1.080162e+02

	1.000e+00 
mixw [275 0] 4.000000e+00

	1.000e+00 
mixw [276 0] 2.000000e+00

	1.000e+00 
mixw [277 0] 1.379890e+02

	1.000e+00 
mixw [278 0] 1.199980e+01

	1.000e+00 
mixw [279 0] 1.473654e+01

	1.000e+00 
mixw [280 0] 1.000000e+00

	1.000e+00 
mixw [281 0] 1.000000e+00

	1.000e+00 
mixw [282 0] 4.495073e+01

	1.000e+00 
mixw [283 0] 1.611124e+01

	1.000e+00 
mixw [284 0] 7.129898e+01

	1.000e+00 
mixw [285 0] 8.603654e+01

	1.000e+00 
mixw [286 0] 6.682961e+01

	1.000e+00 
mixw [287 0] 1.970331e+02

	1.000e+00 
mixw [288 0] 1.485785e+02

	1.000e+00 
mixw [289 0] 1.460088e+02

	1.000e+00 
mixw [290 0] 1.031994e+02

	1.000e+00 
mixw [291 0] 1.000000e+00

	1.000e+00 
mixw [292 0] 1.000000e+00

	1.000e+00 
mixw [293 0] 6.051111e+01

	1.000e+00 
mixw [294 0] 1.072818e+02

	1.000e+00 
mixw [295 0] 2.099803e+01

	1.000e+00 
mixw [296 0] 1.000000e+00

	1.000e+00 
mixw [297 0] 1.425649e+02

	1.000e+00 
mixw [298 0] 6.000035e+00

	1.000e+00 
mixw [299 0] 7.000013e+00

	1.000e+00 
mixw [300 0] 9.990522e+00

	1.000e+00 
mixw [301 0] 1.083875e+02

	1.000e+00 
mixw [302 0] 1.523999e+02

	1.000e+00 
mixw [303 0] 1.484398e+02

	1.000e+00 
mixw [304 0] 8.994543e+01

	1.000e+00 
mixw [305 0] 3.299998e+01

	1.000e+00 
mixw [306 0] 7.000000e+00

	1.000e+00 
mixw [307 0] 1.000000e+00

	1.000e+00 
mixw [308 0] 1.000000e+01

	1.000e+00 
mixw [309 0] 1.398238e+01

	1.000e+00 
mixw [310 0] 2.297756e+01

	1.000e+00 
mixw [311 0] 1.000000e+00

	1.000e+00 
mixw [312 0] 1.000000e+00

	1.000e+00 
mixw [313 0] 1.000000e+00

	1.000e+00 
mixw [314 0] 1.000000e+00

	1.000e+00 
mixw [315 0] 1.000000e+00

	1.000e+00 
mixw [316 0] 6.000000e+00

	1.000e+00 
mixw [317 0] 1.000000e+00

	1.000e+00 
mixw [318 0] 8.000000e+00

	1.000e+00 
mixw [319 0] 7.912082e+01

	1.000e+00 
mixw [320 0] 7.978086e+01

	1.000e+00 
mixw [321 0] 1.143077e+02

	1.000e+00 
mixw [322 0] 7.861930e+01

	1.000e+00 
mixw [323 0] 8.281332e+01

	1.000e+00 
mixw [324 0] 1.793307e+01

	1.000e+00 
mixw [325 0] 2.234137e+02

	1.000e+00 
mixw [326 0] 1.400052e+01

	1.000e+00 
mixw [327 0] 2.097164e+01

	1.000e+00 
mixw [328 0] 1.999434e+01

	1.000e+00 
mixw [329 0] 7.000000e+00

	1.000e+00 
mixw [330 0] 1.299956e+01

	1.000e+00 
mixw [331 0] 1.731615e+02

	1.000e+00 
mixw [332 0] 2.179604e+02

	1.000e+00 
mixw [333 0] 2.000000e+00

	1.000e+00 
mixw [334 0] 1.199980e+01

	1.000e+00 
mixw [335 0] 3.889218e+01

	1.000e+00 
mixw [336 0] 1.335425e+01

	1.000e+00 
mixw [337 0] 6.006893e+01

	1.000e+00 
mixw [338 0] 2.767555e+01

	1.000e+00 
mixw [339 0] 2.848296e+01

	1.000e+00 
mixw [340 0] 1.000000e+00

	1.000e+00 
mixw [341 0] 1.000000e+00

	1.000e+00 
mixw [342 0] 6.699966e+01

	1.000e+00 
mixw [343 0] 2.100491e+01

	1.000e+00 
mixw [344 0] 7.008113e+00

	1.000e+00 
mixw [345 0] 1.000000e+00

	1.000e+00 
mixw [346 0] 1.000000e+00

	1.000e+00 
mixw [347 0] 7.667166e+01

	1.000e+00 
mixw [348 0] 5.075353e+01

	1.000e+00 
mixw [349 0] 4.400682e+01

	1.000e+00 
mixw [350 0] 1.989544e+01

	1.000e+00 
mixw [351 0] 7.000401e+00

	1.000e+00 
mixw [352 0] 4.999516e+01

	1.000e+00 
mixw [353 0] 5.183920e+01

	1.000e+00 
mixw [354 0] 3.129045e+01

	1.000e+00 
mixw [355 0] 7.406087e+01

	1.000e+00 
mixw [356 0] 2.000000e+00

	1.000e+00 
mixw [357 0] 1.000000e+00

	1.000e+00 
mixw [358 0] 1.000000e+00

	1.000e+00 
mixw [359 0] 1.000000e+00

	1.000e+00 
mixw [360 0] 1.000000e+00

	1.000e+00 
mixw [361 0] 1.399992e+01

	1.000e+00 
mixw [362 0] 1.000000e+00

	1.000e+00 
mixw [363 0] 1.000000e+00

	1.000e+00 
mixw [364 0] 3.083997e+01

	1.000e+00 
mixw [365 0] 5.105793e+01

	1.000e+00 
mixw [366 0] 9.283418e+00

	1.000e+00 
mixw [367 0] 1.000000e+00

	1.000e+00 
mixw [368 0] 1.000000e+00

	1.000e+00 
mixw [369 0] 1.000000e+00

	1.000e+00 
mixw [370 0] 4.346660e+01

	1.000e+00 
mixw [371 0] 3.732759e+01

	1.000e+00 
mixw [372 0] 1.000000e+00

	1.000e+00 
mixw [373 0] 8.435767e+01

	1.000e+00 
mixw [374 0] 1.273950e+02

	1.000e+00 
mixw [375 0] 1.796073e+01

	1.000e+00 
mixw [376 0] 1.200000e+01

	1.000e+00 
mixw [377 0] 1.335900e+02

	1.000e+00 
mixw [378 0] 2.486587e+02

	1.000e+00 
mixw [379 0] 3.097556e+01

	1.000e+00 
mixw [380 0] 9.999701e+00

	1.000e+00 
mixw [381 0] 5.000000e+00

	1.000e+00 
mixw [382 0] 1.699939e+01

	1.000e+00 
mixw [383 0] 1.127410e+02

	1.000e+00 
mixw [384 0] 1.426949e+02

	1.000e+00 
mixw [385 0] 1.405976e+02

	1.000e+00 
mixw [386 0] 6.297488e+01

	1.000e+00 
mixw [387 0] 3.045282e+01

	1.000e+00 
mixw [388 0] 7.196344e+01

	1.000e+00 
mixw [389 0] 2.561951e+02

	1.000e+00 
mixw [390 0] 1.767140e+02

	1.000e+00 
mixw [391 0] 2.088329e+02

	1.000e+00 
mixw [392 0] 4.124720e+01

	1.000e+00 
mixw [393 0] 2.094200e+01

	1.000e+00 
mixw [394 0] 1.000000e+00

	1.000e+00 
mixw [395 0] 4.000000e+00

	1.000e+00 
mixw [396 0] 3.000000e+00

	1.000e+00 
mixw [397 0] 5.800035e+01

	1.000e+00 
mixw [398 0] 1.000000e+00

	1.000e+00 
mixw [399 0] 1.000000e+00

	1.000e+00 
mixw [400 0] 4.667290e+01

	1.000e+00 
mixw [401 0] 1.861740e+01

	1.000e+00 
mixw [402 0] 2.737801e+01

	1.000e+00 
mixw [403 0] 1.000000e+00

	1.000e+00 
mixw [404 0] 1.000000e+00

	1.000e+00 
mixw [405 0] 5.791484e+01

	1.000e+00 
mixw [406 0] 1.000000e+00

	1.000e+00 
mixw [407 0] 1.000000e+00

	1.000e+00 
mixw [408 0] 2.545124e+01

	1.000e+00 
mixw [409 0] 4.171447e+01

	1.000e+00 
mixw [410 0] 8.618281e+01

	1.000e+00 
mixw [411 0] 1.190074e+02

	1.000e+00 
mixw [412 0] 1.381703e+02

	1.000e+00 
mixw [413 0] 4.423817e+01

	1.000e+00 
mixw [414 0] 3.726016e+01

	1.000e+00 
mixw [415 0] 3.984200e+01

	1.000e+00 
mixw [416 0] 1.306281e+01

	1.000e+00 
mixw [417 0] 1.595868e+01

	1.000e+00 
mixw [418 0] 1.142892e+01

	1.000e+00 
mixw [419 0] 8.367358e+01

	1.000e+00 
mixw [420 0] 1.800006e+01

	1.000e+00 
mixw [421 0] 5.000000e+00

	1.000e+00 
mixw [422 0] 1.799298e+01

	1.000e+00 
mixw [423 0] 1.200000e+01

	1.000e+00 
mixw [424 0] 1.271618e+02

	1.000e+00 
mixw [425 0] 1.036207e+02

	1.000e+00 
mixw [426 0] 3.000000e+00

	1.000e+00 
mixw [427 0] 1.000000e+00

	1.000e+00 
mixw [428 0] 1.000000e+00

	1.000e+00 
mixw [429 0] 1.799981e+01

	1.000e+00 
mixw [430 0] 3.999554e+01

	1.000e+00 
mixw [431 0] 1.999982e+01

	1.000e+00 
mixw [432 0] 1.000000e+00

	1.000e+00 
mixw [433 0] 1.698847e+01

	1.000e+00 
mixw [434 0] 1.000073e+01

	1.000e+00 
mixw [435 0] 1.000000e+01

	1.000e+00 
mixw [436 0] 4.999798e+00

	1.000e+00 
mixw [437 0] 2.291431e+01

	1.000e+00 
mixw [438 0] 2.453551e+01

	1.000e+00 
mixw [439 0] 1.000000e+00

	1.000e+00 
mixw [440 0] 1.000000e+00

	1.000e+00 
mixw [441 0] 2.999912e+01

	1.000e+00 
mixw [442 0] 2.903379e+01

	1.000e+00 
mixw [443 0] 9.000000e+00

	1.000e+00 
mixw [444 0] 1.000000e+00

	1.000e+00 
mixw [445 0] 1.000000e+00

	1.000e+00 
mixw [446 0] 4.296540e+01

	1.000e+00 
mixw [447 0] 1.100028e+01

	1.000e+00 
mixw [448 0] 2.900098e+01

	1.000e+00 
mixw [449 0] 1.000000e+00

	1.000e+00 
