tmat 50 4
tmat [0]
 9.337e-01 6.632e-02 0.000e+00 0.000e+00
 0.000e+00 9.016e-01 9.843e-02 0.000e+00
 0.000e+00 0.000e+00 9.654e-01 3.457e-02
tmat [1]
 8.333e-01 1.667e-01 0.000e+00 0.000e+00
 0.000e+00 9.231e-01 7.692e-02 0.000e+00
 0.000e+00 0.000e+00 7.143e-01 2.857e-01
tmat [2]
 9.610e-01 3.898e-02 0.000e+00 0.000e+00
 0.000e+00 9.376e-01 6.238e-02 0.000e+00
 0.000e+00 0.000e+00 8.620e-01 1.380e-01
tmat [3]
 9.768e-01 2.324e-02 0.000e+00 0.000e+00
 0.000e+00 9.615e-01 3.849e-02 0.000e+00
 0.000e+00 0.000e+00 9.869e-01 1.310e-02
tmat [4]
 9.721e-01 2.791e-02 0.000e+00 0.000e+00
 0.000e+00 9.584e-01 4.159e-02 0.000e+00
 0.000e+00 0.000e+00 9.629e-01 3.705e-02
tmat [5]
 6.461e-01 3.539e-01 0.000e+00 0.000e+00
 0.000e+00 7.058e-01 2.942e-01 0.000e+00
 0.000e+00 0.000e+00 7.333e-01 2.667e-01
tmat [6]
 7.240e-01 2.760e-01 0.000e+00 0.000e+00
 0.000e+00 6.563e-01 3.437e-01 0.000e+00
 0.000e+00 0.000e+00 8.051e-01 1.949e-01
tmat [7]
 7.404e-01 2.596e-01 0.000e+00 0.000e+00
 0.000e+00 6.599e-01 3.401e-01 0.000e+00
 0.000e+00 0.000e+00 7.558e-01 2.442e-01
tmat [8]
 9.667e-01 3.334e-02 0.000e+00 0.000e+00
 0.000e+00 4.000e-01 6.000e-01 0.000e+00
 0.000e+00 0.000e+00 6.998e-01 3.002e-01
tmat [9]
 5.838e-01 4.162e-01 0.000e+00 0.000e+00
 0.000e+00 4.879e-01 5.121e-01 0.000e+00
 0.000e+00 0.000e+00 9.050e-01 9.496e-02
tmat [10]
 6.326e-01 3.674e-01 0.000e+00 0.000e+00
 0.000e+00 6.184e-01 3.816e-01 0.000e+00
 0.000e+00 0.000e+00 4.332e-01 5.668e-01
tmat [11]
 3.941e-01 6.059e-01 0.000e+00 0.000e+00
 0.000e+00 1.756e-01 8.244e-01 0.000e+00
 0.000e+00 0.000e+00 3.024e-01 6.976e-01
tmat [12]
 8.894e-01 1.106e-01 0.000e+00 0.000e+00
 0.000e+00 9.274e-01 7.265e-02 0.000e+00
 0.000e+00 0.000e+00 9.367e-01 6.329e-02
tmat [13]
 6.973e-01 3.027e-01 0.000e+00 0.000e+00
 0.000e+00 8.690e-01 1.310e-01 0.000e+00
 0.000e+00 0.000e+00 7.668e-01 2.332e-01
tmat [14]
 8.348e-01 1.652e-01 0.000e+00 0.000e+00
 0.000e+00 5.599e-01 4.401e-01 0.000e+00
 0.000e+00 0.000e+00 7.076e-01 2.924e-01
tmat [15]
 6.594e-01 3.406e-01 0.000e+00 0.000e+00
 0.000e+00 7.683e-01 2.317e-01 0.000e+00
 0.000e+00 0.000e+00 7.909e-01 2.091e-01
tmat [16]
 5.508e-01 4.492e-01 0.000e+00 0.000e+00
 0.000e+00 3.776e-01 6.224e-01 0.000e+00
 0.000e+00 0.000e+00 5.588e-01 4.412e-01
tmat [17]
 6.306e-01 3.694e-01 0.000e+00 0.000e+00
 0.000e+00 3.606e-01 6.394e-01 0.000e+00
 0.000e+00 0.000e+00 4.545e-01 5.455e-01
tmat [18]
 5.670e-01 4.330e-01 0.000e+00 0.000e+00
 0.000e+00 3.067e-01 6.933e-01 0.000e+00
 0.000e+00 0.000e+00 8.192e-01 1.808e-01
tmat [19]
 7.422e-01 2.578e-01 0.000e+00 0.000e+00
 0.000e+00 8.387e-01 1.613e-01 0.000e+00
 0.000e+00 0.000e+00 6.347e-01 3.653e-01
tmat [20]
 9.569e-01 4.305e-02 0.000e+00 0.000e+00
 0.000e+00 7.444e-01 2.556e-01 0.000e+00
 0.000e+00 0.000e+00 2.552e-01 7.448e-01
tmat [21]
 8.878e-01 1.122e-01 0.000e+00 0.000e+00
 0.000e+00 9.070e-01 9.298e-02 0.000e+00
 0.000e+00 0.000e+00 8.803e-01 1.197e-01
tmat [22]
 5.534e-01 4.466e-01 0.000e+00 0.000e+00
 0.000e+00 4.077e-01 5.923e-01 0.000e+00
 0.000e+00 0.000e+00 3.973e-01 6.027e-01
tmat [23]
 5.252e-01 4.748e-01 0.000e+00 0.000e+00
 0.000e+00 7.445e-01 2.555e-01 0.000e+00
 0.000e+00 0.000e+00 6.563e-01 3.437e-01
tmat [24]
 3.333e-01 6.667e-01 0.000e+00 0.000e+00
 0.000e+00 4.286e-01 5.714e-01 0.000e+00
 0.000e+00 0.000e+00 5.996e-01 4.004e-01
tmat [25]
 5.940e-01 4.060e-01 0.000e+00 0.000e+00
 0.000e+00 7.113e-01 2.887e-01 0.000e+00
 0.000e+00 0.000e+00 7.036e-01 2.964e-01
tmat [26]
 3.885e-01 6.115e-01 0.000e+00 0.000e+00
 0.000e+00 7.060e-01 2.940e-01 0.000e+00
 0.000e+00 0.000e+00 3.106e-01 6.894e-01
tmat [27]
 6.097e-01 3.903e-01 0.000e+00 0.000e+00
 0.000e+00 4.350e-01 5.650e-01 0.000e+00
 0.000e+00 0.000e+00 5.033e-01 4.967e-01
tmat [28]
 6.437e-01 3.563e-01 0.000e+00 0.000e+00
 0.000e+00 6.534e-01 3.466e-01 0.000e+00
 0.000e+00 0.000e+00 6.054e-01 3.946e-01
tmat [29]
 9.244e-01 7.563e-02 0.000e+00 0.000e+00
 0.000e+00 7.005e-01 2.995e-01 0.000e+00
 0.000e+00 0.000e+00 9.334e-01 6.659e-02
tmat [30]
 6.025e-01 3.975e-01 0.000e+00 0.000e+00
 0.000e+00 6.138e-01 3.862e-01 0.000e+00
 0.000e+00 0.000e+00 8.889e-01 1.111e-01
tmat [31]
 7.391e-01 2.609e-01 0.000e+00 0.000e+00
 0.000e+00 6.059e-01 3.941e-01 0.000e+00
 0.000e+00 0.000e+00 5.455e-01 4.545e-01
tmat [32]
 9.497e-01 5.026e-02 0.000e+00 0.000e+00
 0.000e+00 8.572e-01 1.428e-01 0.000e+00
 0.000e+00 0.000e+00 9.800e-01 2.000e-02
tmat [33]
 8.673e-01 1.327e-01 0.000e+00 0.000e+00
 0.000e+00 5.704e-01 4.296e-01 0.000e+00
 0.000e+00 0.000e+00 5.732e-01 4.268e-01
tmat [34]
 4.819e-01 5.181e-01 0.000e+00 0.000e+00
 0.000e+00 5.965e-01 4.035e-01 0.000e+00
 0.000e+00 0.000e+00 7.346e-01 2.654e-01
tmat [35]
 6.415e-01 3.585e-01 0.000e+00 0.000e+00
 0.000e+00 5.585e-01 4.415e-01 0.000e+00
 0.000e+00 0.000e+00 5.519e-01 4.481e-01
tmat [36]
 6.824e-01 3.176e-01 0.000e+00 0.000e+00
 0.000e+00 3.432e-01 6.568e-01 0.000e+00
 0.000e+00 0.000e+00 7.221e-01 2.779e-01
tmat [37]
 9.498e-01 5.021e-02 0.000e+00 0.000e+00
 0.000e+00 9.561e-01 4.389e-02 0.000e+00
 0.000e+00 0.000e+00 9.575e-01 4.252e-02
tmat [38]
 7.190e-01 2.810e-01 0.000e+00 0.000e+00
 0.000e+00 5.926e-01 4.074e-01 0.000e+00
 0.000e+00 0.000e+00 6.552e-01 3.448e-01
tmat [39]
 8.303e-01 1.697e-01 0.000e+00 0.000e+00
 0.000e+00 6.657e-01 3.343e-01 0.000e+00
 0.000e+00 0.000e+00 8.971e-01 1.029e-01
tmat [40]
 9.571e-01 4.285e-02 0.000e+00 0.000e+00
 0.000e+00 8.926e-01 1.074e-01 0.000e+00
 0.000e+00 0.000e+00 9.269e-01 7.305e-02
tmat [41]
 8.062e-01 1.938e-01 0.000e+00 0.000e+00
 0.000e+00 5.285e-01 4.715e-01 0.000e+00
 0.000e+00 0.000e+00 7.123e-01 2.877e-01
tmat [42]
 7.911e-01 2.089e-01 0.000e+00 0.000e+00
 0.000e+00 8.487e-01 1.513e-01 0.000e+00
 0.000e+00 0.000e+00 8.697e-01 1.303e-01
tmat [43]
 5.479e-01 4.521e-01 0.000e+00 0.000e+00
 0.000e+00 4.632e-01 5.368e-01 0.000e+00
 0.000e+00 0.000e+00 4.980e-01 5.020e-01
tmat [44]
 4.641e-01 5.359e-01 0.000e+00 0.000e+00
 0.000e+00 5.614e-01 4.386e-01 0.000e+00
 0.000e+00 0.000e+00 3.875e-01 6.125e-01
tmat [45]
 4.263e-01 5.737e-01 0.000e+00 0.000e+00
 0.000e+00 7.336e-01 2.664e-01 0.000e+00
 0.000e+00 0.000e+00 5.368e-01 4.632e-01
tmat [46]
 6.667e-01 3.333e-01 0.000e+00 0.000e+00
 0.000e+00 0.000e+00 1.000e+00 0.000e+00
 0.000e+00 0.000e+00 0.000e+00 1.000e+00
tmat [47]
 9.655e-01 3.449e-02 0.000e+00 0.000e+00
 0.000e+00 9.048e-01 9.524e-02 0.000e+00
 0.000e+00 0.000e+00 9.259e-01 7.410e-02
tmat [48]
 9.000e-01 1.000e-01 0.000e+00 0.000e+00
 0.000e+00 8.000e-01 2.000e-01 0.000e+00
 0.000e+00 0.000e+00 9.564e-01 4.364e-02
tmat [49]
 5.924e-01 4.076e-01 0.000e+00 0.000e+00
 0.000e+00 8.572e-01 1.428e-01 0.000e+00
 0.000e+00 0.000e+00 8.837e-01 1.163e-01
