mixw 450 1 2
mixw [0 0] 1.225942e+02

	5.677e-01 4.323e-01 
mixw [1 0] 7.568512e+01

	5.537e-01 4.463e-01 
mixw [2 0] 2.384802e+02

	5.062e-01 4.938e-01 
mixw [3 0] 1.198203e+01

	7.496e-01 2.504e-01 
mixw [4 0] 2.601797e+01

	6.541e-01 3.459e-01 
mixw [5 0] 7.000000e+00

	4.286e-01 5.714e-01 
mixw [6 0] 2.099433e+02

	7.144e-01 2.856e-01 
mixw [7 0] 1.229266e+02

	5.192e-01 4.808e-01 
mixw [8 0] 6.269339e+01

	3.887e-01 6.113e-01 
mixw [9 0] 4.200024e+01

	4.521e-01 5.479e-01 
mixw [10 0] 2.699976e+01

	5.556e-01 4.444e-01 
mixw [11 0] 7.493357e+01

	4.822e-01 5.178e-01 
mixw [12 0] 3.599685e+01

	5.581e-01 4.419e-01 
mixw [13 0] 2.399810e+01

	4.166e-01 5.834e-01 
mixw [14 0] 2.699718e+01

	5.193e-01 4.807e-01 
mixw [15 0] 7.738446e+01

	4.913e-01 5.087e-01 
mixw [16 0] 8.304261e+01

	4.125e-01 5.875e-01 
mixw [17 0] 8.845227e+01

	4.786e-01 5.214e-01 
mixw [18 0] 1.515609e+02

	3.677e-01 6.323e-01 
mixw [19 0] 1.111525e+02

	4.264e-01 5.736e-01 
mixw [20 0] 2.141202e+02

	5.291e-01 4.709e-01 
mixw [21 0] 1.166382e+02

	5.110e-01 4.890e-01 
mixw [22 0] 8.037845e+01

	4.116e-01 5.884e-01 
mixw [23 0] 1.155120e+02

	5.499e-01 4.501e-01 
mixw [24 0] 9.000332e+01

	3.669e-01 6.331e-01 
mixw [25 0] 5.000000e+00

	4.000e-01 6.000e-01 
mixw [26 0] 1.100000e+01

	4.545e-01 5.455e-01 
mixw [27 0] 1.821076e+02

	6.247e-01 3.753e-01 
mixw [28 0] 1.406456e+02

	6.210e-01 3.790e-01 
mixw [29 0] 7.752730e+02

	6.795e-01 3.205e-01 
mixw [30 0] 4.613874e+01

	5.203e-01 4.797e-01 
mixw [31 0] 4.695494e+01

	6.155e-01 3.845e-01 
mixw [32 0] 3.536216e+01

	4.769e-01 5.231e-01 
mixw [33 0] 3.287015e+01

	3.697e-01 6.303e-01 
mixw [34 0] 2.060678e+01

	6.109e-01 3.891e-01 
mixw [35 0] 2.202115e+01

	4.539e-01 5.461e-01 
mixw [36 0] 4.397187e+01

	5.172e-01 4.828e-01 
mixw [37 0] 6.803194e+01

	4.725e-01 5.275e-01 
mixw [38 0] 7.900389e+01

	5.107e-01 4.893e-01 
mixw [39 0] 1.519152e+02

	5.983e-01 4.017e-01 
mixw [40 0] 4.112604e+02

	6.587e-01 3.413e-01 
mixw [41 0] 1.970597e+02

	4.826e-01 5.174e-01 
mixw [42 0] 1.165789e+02

	6.185e-01 3.815e-01 
mixw [43 0] 4.292879e+01

	5.760e-01 4.240e-01 
mixw [44 0] 6.209367e+01

	4.290e-01 5.710e-01 
mixw [45 0] 4.092159e+01

	3.919e-01 6.081e-01 
mixw [46 0] 5.539329e+01

	3.525e-01 6.475e-01 
mixw [47 0] 6.105916e+01

	5.571e-01 4.429e-01 
mixw [48 0] 9.579737e+01

	5.114e-01 4.886e-01 
mixw [49 0] 7.696005e+01

	5.213e-01 4.787e-01 
mixw [50 0] 1.058434e+02

	5.262e-01 4.738e-01 
mixw [51 0] 8.870554e+01

	3.578e-01 6.422e-01 
mixw [52 0] 6.534034e+01

	5.041e-01 4.959e-01 
mixw [53 0] 6.431772e+01

	3.978e-01 6.022e-01 
mixw [54 0] 5.018555e+01

	4.572e-01 5.428e-01 
mixw [55 0] 3.596273e+01

	2.786e-01 7.214e-01 
mixw [56 0] 1.269157e+02

	4.687e-01 5.313e-01 
mixw [57 0] 1.159348e+02

	6.467e-01 3.533e-01 
mixw [58 0] 1.780067e+02

	2.419e-01 7.581e-01 
mixw [59 0] 7.202964e+01

	6.207e-01 3.793e-01 
mixw [60 0] 2.775095e+02

	8.278e-01 1.722e-01 
mixw [61 0] 4.903480e+01

	7.742e-01 2.258e-01 
mixw [62 0] 1.787940e+01

	5.037e-01 4.963e-01 
mixw [63 0] 7.893858e+01

	6.698e-01 3.302e-01 
mixw [64 0] 8.499876e+01

	4.296e-01 5.704e-01 
mixw [65 0] 6.501118e+01

	4.317e-01 5.683e-01 
mixw [66 0] 1.891542e+02

	6.216e-01 3.784e-01 
mixw [67 0] 1.541932e+02

	5.104e-01 4.896e-01 
mixw [68 0] 1.388884e+02

	5.678e-01 4.322e-01 
mixw [69 0] 1.092143e+02

	5.335e-01 4.665e-01 
mixw [70 0] 1.951472e+02

	4.892e-01 5.108e-01 
mixw [71 0] 1.329800e+02

	5.104e-01 4.896e-01 
mixw [72 0] 5.999998e+00

	5.000e-01 5.000e-01 
mixw [73 0] 7.000000e+00

	7.143e-01 2.857e-01 
mixw [74 0] 1.000288e+01

	4.999e-01 5.001e-01 
mixw [75 0] 1.130483e+02

	5.294e-01 4.706e-01 
mixw [76 0] 1.360681e+02

	6.270e-01 3.730e-01 
mixw [77 0] 1.601320e+02

	5.865e-01 4.135e-01 
mixw [78 0] 1.037452e+02

	6.025e-01 3.975e-01 
mixw [79 0] 1.891570e+02

	6.109e-01 3.891e-01 
mixw [80 0] 7.667899e+01

	5.441e-01 4.559e-01 
mixw [81 0] 1.117017e+02

	4.970e-01 5.030e-01 
mixw [82 0] 8.074060e+01

	4.918e-01 5.082e-01 
mixw [83 0] 9.462652e+01

	5.749e-01 4.251e-01 
mixw [84 0] 2.640275e+02

	5.180e-01 4.820e-01 
mixw [85 0] 2.072008e+02

	5.565e-01 4.435e-01 
mixw [86 0] 2.204681e+02

	4.732e-01 5.268e-01 
mixw [87 0] 5.408953e+01

	4.283e-01 5.717e-01 
mixw [88 0] 1.500078e+01

	3.996e-01 6.004e-01 
mixw [89 0] 5.913316e+01

	5.509e-01 4.491e-01 
mixw [90 0] 2.778981e+01

	5.671e-01 4.329e-01 
mixw [91 0] 2.901124e+01

	5.856e-01 4.144e-01 
mixw [92 0] 9.907155e+01

	7.433e-01 2.567e-01 
mixw [93 0] 7.963497e+01

	3.661e-01 6.339e-01 
mixw [94 0] 5.116515e+01

	4.717e-01 5.283e-01 
mixw [95 0] 4.489969e+01

	4.911e-01 5.089e-01 
mixw [96 0] 1.999886e+01

	4.964e-01 5.036e-01 
mixw [97 0] 8.999999e+00

	7.778e-01 2.222e-01 
mixw [98 0] 4.800456e+01

	6.250e-01 3.750e-01 
mixw [99 0] 2.747509e+02

	7.122e-01 2.878e-01 
mixw [100 0] 8.786200e+01

	5.360e-01 4.640e-01 
mixw [101 0] 8.199030e+01

	6.600e-01 3.400e-01 
mixw [102 0] 1.261956e+02

	5.405e-01 4.595e-01 
mixw [103 0] 1.628078e+02

	4.352e-01 5.648e-01 
mixw [104 0] 2.700598e+02

	5.538e-01 4.462e-01 
mixw [105 0] 1.793387e+02

	7.261e-01 2.739e-01 
mixw [106 0] 1.355403e+02

	4.330e-01 5.670e-01 
mixw [107 0] 1.349144e+02

	5.376e-01 4.624e-01 
mixw [108 0] 5.975910e+01

	5.638e-01 4.362e-01 
mixw [109 0] 3.381607e+01

	4.989e-01 5.011e-01 
mixw [110 0] 7.207118e+01

	5.892e-01 4.108e-01 
mixw [111 0] 4.325230e+02

	4.557e-01 5.443e-01 
mixw [112 0] 4.963185e+02

	5.188e-01 4.812e-01 
mixw [113 0] 5.229611e+02

	6.800e-01 3.200e-01 
mixw [114 0] 2.488600e+02

	5.780e-01 4.220e-01 
mixw [115 0] 1.742273e+02

	4.825e-01 5.175e-01 
mixw [116 0] 2.093110e+02

	5.012e-01 4.988e-01 
mixw [117 0] 4.276544e+01

	4.599e-01 5.401e-01 
mixw [118 0] 2.197558e+01

	6.360e-01 3.640e-01 
mixw [119 0] 6.799998e+01

	6.620e-01 3.380e-01 
mixw [120 0] 4.505563e+01

	5.311e-01 4.689e-01 
mixw [121 0] 1.800000e+01

	4.968e-01 5.032e-01 
mixw [122 0] 2.902433e+01

	3.453e-01 6.547e-01 
mixw [123 0] 5.932622e+01

	7.082e-01 2.918e-01 
mixw [124 0] 2.766730e+01

	6.039e-01 3.961e-01 
mixw [125 0] 4.432307e+01

	4.619e-01 5.381e-01 
mixw [126 0] 1.032370e+02

	6.741e-01 3.259e-01 
mixw [127 0] 1.165509e+02

	4.540e-01 5.460e-01 
mixw [128 0] 1.200258e+02

	5.922e-01 4.078e-01 
mixw [129 0] 4.537088e+01

	5.283e-01 4.717e-01 
mixw [130 0] 3.900222e+01

	5.125e-01 4.875e-01 
mixw [131 0] 4.396740e+01

	4.782e-01 5.218e-01 
mixw [132 0] 1.299996e+01

	3.846e-01 6.154e-01 
mixw [133 0] 1.600000e+01

	5.000e-01 5.000e-01 
mixw [134 0] 1.099999e+01

	5.455e-01 4.545e-01 
mixw [135 0] 8.530914e+01

	6.149e-01 3.851e-01 
mixw [136 0] 1.740745e+02

	5.910e-01 4.090e-01 
mixw [137 0] 1.020318e+02

	4.837e-01 5.163e-01 
mixw [138 0] 3.000000e+00

	6.667e-01 3.333e-01 
mixw [139 0] 1.000000e+00

	5.000e-01 5.000e-01 
mixw [140 0] 1.000000e+00

	5.000e-01 5.000e-01 
mixw [141 0] 5.799844e+01

	4.378e-01 5.622e-01 
mixw [142 0] 2.099990e+01

	7.619e-01 2.381e-01 
mixw [143 0] 2.697607e+01

	5.055e-01 4.945e-01 
mixw [144 0] 1.000000e+01

	5.000e-01 5.000e-01 
mixw [145 0] 5.000000e+00

	4.000e-01 6.000e-01 
mixw [146 0] 2.295344e+01

	6.515e-01 3.485e-01 
mixw [147 0] 2.401926e+01

	5.002e-01 4.998e-01 
mixw [148 0] 6.799996e+01

	6.468e-01 3.532e-01 
mixw [149 0] 8.799999e+01

	7.383e-01 2.617e-01 
mixw [150 0] 7.738446e+01

	4.913e-01 5.087e-01 
mixw [151 0] 8.304261e+01

	4.125e-01 5.875e-01 
mixw [152 0] 8.845227e+01

	4.786e-01 5.214e-01 
mixw [153 0] 1.515609e+02

	3.677e-01 6.323e-01 
mixw [154 0] 1.111525e+02

	4.264e-01 5.736e-01 
mixw [155 0] 2.000000e+01

	4.009e-01 5.991e-01 
mixw [156 0] 7.000000e+00

	4.286e-01 5.714e-01 
mixw [157 0] 2.400142e+01

	4.167e-01 5.833e-01 
mixw [158 0] 2.409042e+01

	2.950e-01 7.050e-01 
mixw [159 0] 1.000000e+00

	5.000e-01 5.000e-01 
mixw [160 0] 6.102858e+01

	5.593e-01 4.407e-01 
mixw [161 0] 1.299991e+01

	4.615e-01 5.385e-01 
mixw [162 0] 1.900000e+01

	3.684e-01 6.316e-01 
mixw [163 0] 1.999992e+01

	6.000e-01 4.000e-01 
mixw [164 0] 2.500000e+01

	3.648e-01 6.352e-01 
mixw [165 0] 1.166382e+02

	5.110e-01 4.890e-01 
mixw [166 0] 8.037845e+01

	4.116e-01 5.884e-01 
mixw [167 0] 1.155120e+02

	5.499e-01 4.501e-01 
mixw [168 0] 8.800332e+01

	3.858e-01 6.142e-01 
mixw [169 0] 2.000000e+00

	5.000e-01 5.000e-01 
mixw [170 0] 5.000000e+00

	4.000e-01 6.000e-01 
mixw [171 0] 1.100000e+01

	4.545e-01 5.455e-01 
mixw [172 0] 1.821076e+02

	6.247e-01 3.753e-01 
mixw [173 0] 1.000000e+00

	5.000e-01 5.000e-01 
mixw [174 0] 1.000000e+00

	5.000e-01 5.000e-01 
mixw [175 0] 1.356456e+02

	6.319e-01 3.681e-01 
mixw [176 0] 1.000000e+00

	5.000e-01 5.000e-01 
mixw [177 0] 1.000000e+00

	5.000e-01 5.000e-01 
mixw [178 0] 1.000000e+00

	5.000e-01 5.000e-01 
mixw [179 0] 1.000000e+00

	5.000e-01 5.000e-01 
mixw [180 0] 1.000000e+01

	5.000e-01 5.000e-01 
mixw [181 0] 2.000000e+00

	5.000e-01 5.000e-01 
mixw [182 0] 4.000000e+00

	5.000e-01 5.000e-01 
mixw [183 0] 3.218435e+02

	5.920e-01 4.080e-01 
mixw [184 0] 4.200973e+01

	4.496e-01 5.504e-01 
mixw [185 0] 5.699346e+01

	4.991e-01 5.009e-01 
mixw [186 0] 2.394949e+01

	4.570e-01 5.430e-01 
mixw [187 0] 2.367652e+01

	6.628e-01 3.372e-01 
mixw [188 0] 1.500000e+01

	4.665e-01 5.335e-01 
mixw [189 0] 7.991978e+01

	5.867e-01 4.133e-01 
mixw [190 0] 2.000000e+00

	5.000e-01 5.000e-01 
mixw [191 0] 4.403007e+01

	4.086e-01 5.914e-01 
mixw [192 0] 1.000000e+00

	5.000e-01 5.000e-01 
mixw [193 0] 1.000000e+00

	5.000e-01 5.000e-01 
mixw [194 0] 1.000000e+00

	5.000e-01 5.000e-01 
mixw [195 0] 1.000000e+00

	5.000e-01 5.000e-01 
mixw [196 0] 1.000000e+00

	5.000e-01 5.000e-01 
mixw [197 0] 1.000000e+00

	5.000e-01 5.000e-01 
mixw [198 0] 1.358506e+02

	6.860e-01 3.140e-01 
mixw [199 0] 1.000000e+00

	5.000e-01 5.000e-01 
mixw [200 0] 1.000000e+00

	5.000e-01 5.000e-01 
mixw [201 0] 3.000000e+00

	3.333e-01 6.667e-01 
mixw [202 0] 1.000000e+00

	5.000e-01 5.000e-01 
mixw [203 0] 1.000000e+00

	5.000e-01 5.000e-01 
mixw [204 0] 4.613874e+01

	5.203e-01 4.797e-01 
mixw [205 0] 4.695494e+01

	6.155e-01 3.845e-01 
mixw [206 0] 3.536216e+01

	4.769e-01 5.231e-01 
mixw [207 0] 3.287015e+01

	3.697e-01 6.303e-01 
mixw [208 0] 2.060678e+01

	6.109e-01 3.891e-01 
mixw [209 0] 2.202115e+01

	4.539e-01 5.461e-01 
mixw [210 0] 4.397187e+01

	5.172e-01 4.828e-01 
mixw [211 0] 3.800028e+01

	6.562e-01 3.438e-01 
mixw [212 0] 3.003167e+01

	4.668e-01 5.332e-01 
mixw [213 0] 1.000000e+00

	5.000e-01 5.000e-01 
mixw [214 0] 1.000000e+00

	5.000e-01 5.000e-01 
mixw [215 0] 6.900390e+01

	7.073e-01 2.927e-01 
mixw [216 0] 7.000000e+00

	7.143e-01 2.857e-01 
mixw [217 0] 1.000000e+00

	5.000e-01 5.000e-01 
mixw [218 0] 1.519152e+02

	5.983e-01 4.017e-01 
mixw [219 0] 4.112604e+02

	6.587e-01 3.413e-01 
mixw [220 0] 1.970597e+02

	4.826e-01 5.174e-01 
mixw [221 0] 2.000000e+00

	5.000e-01 5.000e-01 
mixw [222 0] 1.000000e+00

	5.000e-01 5.000e-01 
mixw [223 0] 2.000000e+00

	5.000e-01 5.000e-01 
mixw [224 0] 8.999999e+00

	5.556e-01 4.444e-01 
mixw [225 0] 7.062498e+01

	5.452e-01 4.548e-01 
mixw [226 0] 2.000000e+00

	5.000e-01 5.000e-01 
mixw [227 0] 2.995390e+01

	4.662e-01 5.338e-01 
mixw [228 0] 4.292879e+01

	5.760e-01 4.240e-01 
mixw [229 0] 6.209367e+01

	4.290e-01 5.710e-01 
mixw [230 0] 4.092159e+01

	3.919e-01 6.081e-01 
mixw [231 0] 5.539329e+01

	3.525e-01 6.475e-01 
mixw [232 0] 6.105916e+01

	5.571e-01 4.429e-01 
mixw [233 0] 9.579737e+01

	5.114e-01 4.886e-01 
mixw [234 0] 7.696005e+01

	5.213e-01 4.787e-01 
mixw [235 0] 1.000000e+00

	5.000e-01 5.000e-01 
mixw [236 0] 1.000000e+00

	5.000e-01 5.000e-01 
mixw [237 0] 1.499864e+01

	6.667e-01 3.333e-01 
mixw [238 0] 8.684473e+01

	5.695e-01 4.305e-01 
mixw [239 0] 2.000000e+00

	5.000e-01 5.000e-01 
mixw [240 0] 8.870554e+01

	3.578e-01 6.422e-01 
mixw [241 0] 6.534034e+01

	5.041e-01 4.959e-01 
mixw [242 0] 6.431772e+01

	3.978e-01 6.022e-01 
mixw [243 0] 5.018555e+01

	4.572e-01 5.428e-01 
mixw [244 0] 3.596273e+01

	2.786e-01 7.214e-01 
mixw [245 0] 1.400056e+01

	5.718e-01 4.282e-01 
mixw [246 0] 1.799996e+01

	3.890e-01 6.110e-01 
mixw [247 0] 9.999922e+00

	6.000e-01 4.000e-01 
mixw [248 0] 2.000000e+01

	5.512e-01 4.488e-01 
mixw [249 0] 2.900664e+01

	3.446e-01 6.554e-01 
mixw [250 0] 1.000000e+00

	5.000e-01 5.000e-01 
mixw [251 0] 3.490862e+01

	4.845e-01 5.155e-01 
mixw [252 0] 1.159348e+02

	6.467e-01 3.533e-01 
mixw [253 0] 2.200000e+01

	5.616e-01 4.384e-01 
mixw [254 0] 3.099999e+01

	4.846e-01 5.154e-01 
mixw [255 0] 2.000000e+00

	5.000e-01 5.000e-01 
mixw [256 0] 1.100000e+01

	5.455e-01 4.545e-01 
mixw [257 0] 1.000000e+00

	5.000e-01 5.000e-01 
mixw [258 0] 1.000000e+00

	5.000e-01 5.000e-01 
mixw [259 0] 1.600000e+01

	5.625e-01 4.375e-01 
mixw [260 0] 1.000000e+00

	5.000e-01 5.000e-01 
mixw [261 0] 1.000000e+00

	5.000e-01 5.000e-01 
mixw [262 0] 1.600000e+01

	6.250e-01 3.750e-01 
mixw [263 0] 1.000000e+00

	5.000e-01 5.000e-01 
mixw [264 0] 2.000000e+00

	5.000e-01 5.000e-01 
mixw [265 0] 1.000000e+00

	5.000e-01 5.000e-01 
mixw [266 0] 2.199999e+01

	4.091e-01 5.909e-01 
mixw [267 0] 2.800674e+01

	4.645e-01 5.355e-01 
mixw [268 0] 5.000000e+00

	4.000e-01 6.000e-01 
mixw [269 0] 1.399998e+01

	5.000e-01 5.000e-01 
mixw [270 0] 1.000000e+00

	5.000e-01 5.000e-01 
mixw [271 0] 1.000000e+00

	5.000e-01 5.000e-01 
mixw [272 0] 1.000000e+00

	5.000e-01 5.000e-01 
mixw [273 0] 7.202964e+01

	6.207e-01 3.793e-01 
mixw [274 0] 1.065398e+02

	6.585e-01 3.415e-01 
mixw [275 0] 4.000000e+00

	5.000e-01 5.000e-01 
mixw [276 0] 2.000000e+00

	5.000e-01 5.000e-01 
mixw [277 0] 1.379653e+02

	7.018e-01 2.982e-01 
mixw [278 0] 1.199790e+01

	2.500e-01 7.500e-01 
mixw [279 0] 1.500645e+01

	4.146e-01 5.854e-01 
mixw [280 0] 1.000000e+00

	5.000e-01 5.000e-01 
mixw [281 0] 1.000000e+00

	5.000e-01 5.000e-01 
mixw [282 0] 4.703479e+01

	7.346e-01 2.654e-01 
mixw [283 0] 1.787940e+01

	5.037e-01 4.963e-01 
mixw [284 0] 7.893858e+01

	6.698e-01 3.302e-01 
mixw [285 0] 8.499876e+01

	4.296e-01 5.704e-01 
mixw [286 0] 6.501118e+01

	4.317e-01 5.683e-01 
mixw [287 0] 1.891542e+02

	6.216e-01 3.784e-01 
mixw [288 0] 1.541932e+02

	5.104e-01 4.896e-01 
mixw [289 0] 1.388884e+02

	5.678e-01 4.322e-01 
mixw [290 0] 1.092143e+02

	5.335e-01 4.665e-01 
mixw [291 0] 1.000000e+00

	5.000e-01 5.000e-01 
mixw [292 0] 1.000000e+00

	5.000e-01 5.000e-01 
mixw [293 0] 6.245267e+01

	4.130e-01 5.870e-01 
mixw [294 0] 1.086950e+02

	4.179e-01 5.821e-01 
mixw [295 0] 2.099959e+01

	4.286e-01 5.714e-01 
mixw [296 0] 1.000000e+00

	5.000e-01 5.000e-01 
mixw [297 0] 1.329800e+02

	5.104e-01 4.896e-01 
mixw [298 0] 5.999998e+00

	5.000e-01 5.000e-01 
mixw [299 0] 7.000000e+00

	7.143e-01 2.857e-01 
mixw [300 0] 1.000288e+01

	4.999e-01 5.001e-01 
mixw [301 0] 1.130483e+02

	5.294e-01 4.706e-01 
mixw [302 0] 1.360681e+02

	6.270e-01 3.730e-01 
mixw [303 0] 1.601320e+02

	5.865e-01 4.135e-01 
mixw [304 0] 1.037452e+02

	6.025e-01 3.975e-01 
mixw [305 0] 3.300000e+01

	3.637e-01 6.363e-01 
mixw [306 0] 7.000000e+00

	5.714e-01 4.286e-01 
mixw [307 0] 1.000000e+00

	5.000e-01 5.000e-01 
mixw [308 0] 1.000000e+01

	4.000e-01 6.000e-01 
mixw [309 0] 1.399861e+01

	1.429e-01 8.571e-01 
mixw [310 0] 2.101511e+01

	5.234e-01 4.766e-01 
mixw [311 0] 1.000000e+00

	5.000e-01 5.000e-01 
mixw [312 0] 1.000000e+00

	5.000e-01 5.000e-01 
mixw [313 0] 1.000000e+00

	5.000e-01 5.000e-01 
mixw [314 0] 1.000000e+00

	5.000e-01 5.000e-01 
mixw [315 0] 1.000000e+00

	5.000e-01 5.000e-01 
mixw [316 0] 6.000000e+00

	3.333e-01 6.667e-01 
mixw [317 0] 1.000000e+00

	5.000e-01 5.000e-01 
mixw [318 0] 8.000000e+00

	6.250e-01 3.750e-01 
mixw [319 0] 8.314326e+01

	5.341e-01 4.659e-01 
mixw [320 0] 7.667899e+01

	5.441e-01 4.559e-01 
mixw [321 0] 1.107016e+02

	4.979e-01 5.021e-01 
mixw [322 0] 7.973998e+01

	4.796e-01 5.204e-01 
mixw [323 0] 8.666281e+01

	5.375e-01 4.625e-01 
mixw [324 0] 1.701935e+01

	7.650e-01 2.350e-01 
mixw [325 0] 2.470081e+02

	5.376e-01 4.624e-01 
mixw [326 0] 1.398069e+01

	5.007e-01 4.993e-01 
mixw [327 0] 2.000000e+01

	6.000e-01 4.000e-01 
mixw [328 0] 2.098917e+01

	6.189e-01 3.811e-01 
mixw [329 0] 7.000000e+00

	5.714e-01 4.286e-01 
mixw [330 0] 1.299998e+01

	2.308e-01 7.692e-01 
mixw [331 0] 1.322310e+02

	4.878e-01 5.122e-01 
mixw [332 0] 2.204681e+02

	4.732e-01 5.268e-01 
mixw [333 0] 2.000000e+00

	5.000e-01 5.000e-01 
mixw [334 0] 1.200000e+01

	3.333e-01 6.667e-01 
mixw [335 0] 4.008953e+01

	5.954e-01 4.046e-01 
mixw [336 0] 1.500078e+01

	3.996e-01 6.004e-01 
mixw [337 0] 5.913316e+01

	5.509e-01 4.491e-01 
mixw [338 0] 2.778981e+01

	5.671e-01 4.329e-01 
mixw [339 0] 2.901124e+01

	5.856e-01 4.144e-01 
mixw [340 0] 1.000000e+00

	5.000e-01 5.000e-01 
mixw [341 0] 1.000000e+00

	5.000e-01 5.000e-01 
mixw [342 0] 6.707497e+01

	6.551e-01 3.449e-01 
mixw [343 0] 2.099658e+01

	4.280e-01 5.720e-01 
mixw [344 0] 7.000000e+00

	4.286e-01 5.714e-01 
mixw [345 0] 1.000000e+00

	5.000e-01 5.000e-01 
mixw [346 0] 1.000000e+00

	5.000e-01 5.000e-01 
mixw [347 0] 7.963497e+01

	3.661e-01 6.339e-01 
mixw [348 0] 5.116515e+01

	4.717e-01 5.283e-01 
mixw [349 0] 4.489969e+01

	4.911e-01 5.089e-01 
mixw [350 0] 1.999886e+01

	4.964e-01 5.036e-01 
mixw [351 0] 8.999999e+00

	7.778e-01 2.222e-01 
mixw [352 0] 4.800456e+01

	6.250e-01 3.750e-01 
mixw [353 0] 5.199968e+01

	3.646e-01 6.354e-01 
mixw [354 0] 3.101372e+01

	3.542e-01 6.458e-01 
mixw [355 0] 7.469481e+01

	4.225e-01 5.775e-01 
mixw [356 0] 2.000000e+00

	5.000e-01 5.000e-01 
mixw [357 0] 1.000000e+00

	5.000e-01 5.000e-01 
mixw [358 0] 1.000000e+00

	5.000e-01 5.000e-01 
mixw [359 0] 1.000000e+00

	5.000e-01 5.000e-01 
mixw [360 0] 1.000000e+00

	5.000e-01 5.000e-01 
mixw [361 0] 1.400000e+01

	5.000e-01 5.000e-01 
mixw [362 0] 1.000000e+00

	5.000e-01 5.000e-01 
mixw [363 0] 1.000000e+00

	5.000e-01 5.000e-01 
mixw [364 0] 3.305474e+01

	7.280e-01 2.720e-01 
mixw [365 0] 5.098795e+01

	5.664e-01 4.336e-01 
mixw [366 0] 1.000001e+01

	4.000e-01 6.000e-01 
mixw [367 0] 1.000000e+00

	5.000e-01 5.000e-01 
mixw [368 0] 1.000000e+00

	5.000e-01 5.000e-01 
mixw [369 0] 1.000000e+00

	5.000e-01 5.000e-01 
mixw [370 0] 4.387963e+01

	5.778e-01 4.222e-01 
mixw [371 0] 4.098237e+01

	4.880e-01 5.120e-01 
mixw [372 0] 1.000000e+00

	5.000e-01 5.000e-01 
mixw [373 0] 8.199030e+01

	6.600e-01 3.400e-01 
mixw [374 0] 1.261956e+02

	5.405e-01 4.595e-01 
mixw [375 0] 1.755236e+01

	4.560e-01 5.440e-01 
mixw [376 0] 1.200000e+01

	4.167e-01 5.833e-01 
mixw [377 0] 1.332554e+02

	5.126e-01 4.874e-01 
mixw [378 0] 2.700598e+02

	5.538e-01 4.462e-01 
mixw [379 0] 3.237067e+01

	4.325e-01 5.675e-01 
mixw [380 0] 9.999993e+00

	4.000e-01 6.000e-01 
mixw [381 0] 5.000000e+00

	6.000e-01 4.000e-01 
mixw [382 0] 1.699790e+01

	5.882e-01 4.118e-01 
mixw [383 0] 1.149702e+02

	6.721e-01 3.279e-01 
mixw [384 0] 1.355403e+02

	4.330e-01 5.670e-01 
mixw [385 0] 1.349144e+02

	5.376e-01 4.624e-01 
mixw [386 0] 5.975910e+01

	5.638e-01 4.362e-01 
mixw [387 0] 3.381607e+01

	4.989e-01 5.011e-01 
mixw [388 0] 7.207118e+01

	5.892e-01 4.108e-01 
mixw [389 0] 2.488600e+02

	5.780e-01 4.220e-01 
mixw [390 0] 1.742273e+02

	4.825e-01 5.175e-01 
mixw [391 0] 2.093110e+02

	5.012e-01 4.988e-01 
mixw [392 0] 4.276544e+01

	4.599e-01 5.401e-01 
mixw [393 0] 2.197558e+01

	6.360e-01 3.640e-01 
mixw [394 0] 1.000000e+00

	5.000e-01 5.000e-01 
mixw [395 0] 4.000000e+00

	5.000e-01 5.000e-01 
mixw [396 0] 3.000000e+00

	3.333e-01 6.667e-01 
mixw [397 0] 5.799998e+01

	7.137e-01 2.863e-01 
mixw [398 0] 1.000000e+00

	5.000e-01 5.000e-01 
mixw [399 0] 1.000000e+00

	5.000e-01 5.000e-01 
mixw [400 0] 4.505563e+01

	5.311e-01 4.689e-01 
mixw [401 0] 1.800000e+01

	4.968e-01 5.032e-01 
mixw [402 0] 2.902433e+01

	3.453e-01 6.547e-01 
mixw [403 0] 1.000000e+00

	5.000e-01 5.000e-01 
mixw [404 0] 1.000000e+00

	5.000e-01 5.000e-01 
mixw [405 0] 5.532622e+01

	4.657e-01 5.343e-01 
mixw [406 0] 1.000000e+00

	5.000e-01 5.000e-01 
mixw [407 0] 1.000000e+00

	5.000e-01 5.000e-01 
mixw [408 0] 2.766730e+01

	6.039e-01 3.961e-01 
mixw [409 0] 4.432307e+01

	4.619e-01 5.381e-01 
mixw [410 0] 1.032370e+02

	6.741e-01 3.259e-01 
mixw [411 0] 1.165509e+02

	4.540e-01 5.460e-01 
mixw [412 0] 1.200258e+02

	5.922e-01 4.078e-01 
mixw [413 0] 4.537088e+01

	5.283e-01 4.717e-01 
mixw [414 0] 3.900222e+01

	5.125e-01 4.875e-01 
mixw [415 0] 4.396740e+01

	4.782e-01 5.218e-01 
mixw [416 0] 1.299996e+01

	3.846e-01 6.154e-01 
mixw [417 0] 1.600000e+01

	5.000e-01 5.000e-01 
mixw [418 0] 1.099999e+01

	5.455e-01 4.545e-01 
mixw [419 0] 8.530914e+01

	6.149e-01 3.851e-01 
mixw [420 0] 1.799960e+01

	3.889e-01 6.111e-01 
mixw [421 0] 5.000000e+00

	6.000e-01 4.000e-01 
mixw [422 0] 1.800000e+01

	2.778e-01 7.222e-01 
mixw [423 0] 1.200000e+01

	4.167e-01 5.833e-01 
mixw [424 0] 1.210749e+02

	7.182e-01 2.818e-01 
mixw [425 0] 1.020318e+02

	4.837e-01 5.163e-01 
mixw [426 0] 3.000000e+00

	6.667e-01 3.333e-01 
mixw [427 0] 1.000000e+00

	5.000e-01 5.000e-01 
mixw [428 0] 1.000000e+00

	5.000e-01 5.000e-01 
mixw [429 0] 1.800000e+01

	3.333e-01 6.667e-01 
mixw [430 0] 3.999843e+01

	7.597e-01 2.403e-01 
mixw [431 0] 1.999990e+01

	3.000e-01 7.000e-01 
mixw [432 0] 1.000000e+00

	5.000e-01 5.000e-01 
mixw [433 0] 1.697607e+01

	5.288e-01 4.712e-01 
mixw [434 0] 1.000000e+01

	6.000e-01 4.000e-01 
mixw [435 0] 1.000000e+01

	5.000e-01 5.000e-01 
mixw [436 0] 5.000000e+00

	4.000e-01 6.000e-01 
mixw [437 0] 2.295344e+01

	6.515e-01 3.485e-01 
mixw [438 0] 2.401926e+01

	5.002e-01 4.998e-01 
mixw [439 0] 1.000000e+00

	5.000e-01 5.000e-01 
mixw [440 0] 1.000000e+00

	5.000e-01 5.000e-01 
mixw [441 0] 2.900000e+01

	4.128e-01 5.872e-01 
mixw [442 0] 2.799997e+01

	7.145e-01 2.855e-01 
mixw [443 0] 9.000000e+00

	6.667e-01 3.333e-01 
mixw [444 0] 1.000000e+00

	5.000e-01 5.000e-01 
mixw [445 0] 1.000000e+00

	5.000e-01 5.000e-01 
mixw [446 0] 4.399974e+01

	8.182e-01 1.818e-01 
mixw [447 0] 1.200000e+01

	4.999e-01 5.001e-01 
mixw [448 0] 2.900025e+01

	4.426e-01 5.574e-01 
mixw [449 0] 1.000000e+00

	5.000e-01 5.000e-01 
