tmat 50 4
tmat [0]
 9.347e-01 6.526e-02 0.000e+00 0.000e+00
 0.000e+00 8.943e-01 1.057e-01 0.000e+00
 0.000e+00 0.000e+00 9.665e-01 3.355e-02
tmat [1]
 8.331e-01 1.669e-01 0.000e+00 0.000e+00
 0.000e+00 9.231e-01 7.687e-02 0.000e+00
 0.000e+00 0.000e+00 7.143e-01 2.857e-01
tmat [2]
 9.619e-01 3.811e-02 0.000e+00 0.000e+00
 0.000e+00 9.349e-01 6.508e-02 0.000e+00
 0.000e+00 0.000e+00 8.724e-01 1.276e-01
tmat [3]
 9.762e-01 2.381e-02 0.000e+00 0.000e+00
 0.000e+00 9.630e-01 3.704e-02 0.000e+00
 0.000e+00 0.000e+00 9.867e-01 1.335e-02
tmat [4]
 9.722e-01 2.778e-02 0.000e+00 0.000e+00
 0.000e+00 9.583e-01 4.167e-02 0.000e+00
 0.000e+00 0.000e+00 9.630e-01 3.704e-02
tmat [5]
 6.769e-01 3.231e-01 0.000e+00 0.000e+00
 0.000e+00 6.989e-01 3.011e-01 0.000e+00
 0.000e+00 0.000e+00 7.174e-01 2.826e-01
tmat [6]
 7.295e-01 2.705e-01 0.000e+00 0.000e+00
 0.000e+00 6.311e-01 3.689e-01 0.000e+00
 0.000e+00 0.000e+00 8.085e-01 1.915e-01
tmat [7]
 7.514e-01 2.486e-01 0.000e+00 0.000e+00
 0.000e+00 6.392e-01 3.608e-01 0.000e+00
 0.000e+00 0.000e+00 7.489e-01 2.511e-01
tmat [8]
 9.667e-01 3.333e-02 0.000e+00 0.000e+00
 0.000e+00 4.000e-01 6.000e-01 0.000e+00
 0.000e+00 0.000e+00 7.273e-01 2.727e-01
tmat [9]
 5.991e-01 4.009e-01 0.000e+00 0.000e+00
 0.000e+00 4.810e-01 5.190e-01 0.000e+00
 0.000e+00 0.000e+00 9.058e-01 9.416e-02
tmat [10]
 6.099e-01 3.901e-01 0.000e+00 0.000e+00
 0.000e+00 6.167e-01 3.833e-01 0.000e+00
 0.000e+00 0.000e+00 4.910e-01 5.090e-01
tmat [11]
 4.828e-01 5.172e-01 0.000e+00 0.000e+00
 0.000e+00 1.750e-01 8.250e-01 0.000e+00
 0.000e+00 0.000e+00 2.280e-01 7.720e-01
tmat [12]
 8.863e-01 1.137e-01 0.000e+00 0.000e+00
 0.000e+00 9.265e-01 7.349e-02 0.000e+00
 0.000e+00 0.000e+00 9.367e-01 6.329e-02
tmat [13]
 6.643e-01 3.357e-01 0.000e+00 0.000e+00
 0.000e+00 8.760e-01 1.240e-01 0.000e+00
 0.000e+00 0.000e+00 7.412e-01 2.588e-01
tmat [14]
 8.370e-01 1.630e-01 0.000e+00 0.000e+00
 0.000e+00 5.574e-01 4.426e-01 0.000e+00
 0.000e+00 0.000e+00 6.940e-01 3.060e-01
tmat [15]
 6.823e-01 3.177e-01 0.000e+00 0.000e+00
 0.000e+00 7.653e-01 2.347e-01 0.000e+00
 0.000e+00 0.000e+00 7.871e-01 2.129e-01
tmat [16]
 4.989e-01 5.011e-01 0.000e+00 0.000e+00
 0.000e+00 3.763e-01 6.237e-01 0.000e+00
 0.000e+00 0.000e+00 5.465e-01 4.535e-01
tmat [17]
 6.054e-01 3.946e-01 0.000e+00 0.000e+00
 0.000e+00 4.643e-01 5.357e-01 0.000e+00
 0.000e+00 0.000e+00 4.558e-01 5.442e-01
tmat [18]
 5.417e-01 4.583e-01 0.000e+00 0.000e+00
 0.000e+00 3.604e-01 6.396e-01 0.000e+00
 0.000e+00 0.000e+00 8.188e-01 1.812e-01
tmat [19]
 7.585e-01 2.415e-01 0.000e+00 0.000e+00
 0.000e+00 8.427e-01 1.573e-01 0.000e+00
 0.000e+00 0.000e+00 6.113e-01 3.887e-01
tmat [20]
 9.568e-01 4.324e-02 0.000e+00 0.000e+00
 0.000e+00 7.553e-01 2.447e-01 0.000e+00
 0.000e+00 0.000e+00 3.288e-01 6.712e-01
tmat [21]
 8.987e-01 1.013e-01 0.000e+00 0.000e+00
 0.000e+00 9.059e-01 9.412e-02 0.000e+00
 0.000e+00 0.000e+00 8.769e-01 1.231e-01
tmat [22]
 5.348e-01 4.652e-01 0.000e+00 0.000e+00
 0.000e+00 4.293e-01 5.707e-01 0.000e+00
 0.000e+00 0.000e+00 3.664e-01 6.336e-01
tmat [23]
 5.513e-01 4.487e-01 0.000e+00 0.000e+00
 0.000e+00 7.489e-01 2.511e-01 0.000e+00
 0.000e+00 0.000e+00 6.315e-01 3.685e-01
tmat [24]
 3.333e-01 6.667e-01 0.000e+00 0.000e+00
 0.000e+00 4.286e-01 5.714e-01 0.000e+00
 0.000e+00 0.000e+00 6.001e-01 3.999e-01
tmat [25]
 6.108e-01 3.892e-01 0.000e+00 0.000e+00
 0.000e+00 6.766e-01 3.234e-01 0.000e+00
 0.000e+00 0.000e+00 7.252e-01 2.748e-01
tmat [26]
 4.699e-01 5.301e-01 0.000e+00 0.000e+00
 0.000e+00 7.092e-01 2.908e-01 0.000e+00
 0.000e+00 0.000e+00 2.827e-01 7.173e-01
tmat [27]
 5.971e-01 4.029e-01 0.000e+00 0.000e+00
 0.000e+00 4.427e-01 5.573e-01 0.000e+00
 0.000e+00 0.000e+00 5.244e-01 4.756e-01
tmat [28]
 6.743e-01 3.257e-01 0.000e+00 0.000e+00
 0.000e+00 5.849e-01 4.151e-01 0.000e+00
 0.000e+00 0.000e+00 6.099e-01 3.901e-01
tmat [29]
 9.260e-01 7.395e-02 0.000e+00 0.000e+00
 0.000e+00 7.333e-01 2.667e-01 0.000e+00
 0.000e+00 0.000e+00 9.324e-01 6.764e-02
tmat [30]
 6.042e-01 3.958e-01 0.000e+00 0.000e+00
 0.000e+00 6.208e-01 3.792e-01 0.000e+00
 0.000e+00 0.000e+00 8.890e-01 1.110e-01
tmat [31]
 7.489e-01 2.511e-01 0.000e+00 0.000e+00
 0.000e+00 6.091e-01 3.909e-01 0.000e+00
 0.000e+00 0.000e+00 5.546e-01 4.454e-01
tmat [32]
 9.500e-01 5.000e-02 0.000e+00 0.000e+00
 0.000e+00 8.889e-01 1.111e-01 0.000e+00
 0.000e+00 0.000e+00 9.792e-01 2.083e-02
tmat [33]
 8.690e-01 1.310e-01 0.000e+00 0.000e+00
 0.000e+00 5.903e-01 4.097e-01 0.000e+00
 0.000e+00 0.000e+00 5.609e-01 4.391e-01
tmat [34]
 4.770e-01 5.230e-01 0.000e+00 0.000e+00
 0.000e+00 5.946e-01 4.054e-01 0.000e+00
 0.000e+00 0.000e+00 7.556e-01 2.444e-01
tmat [35]
 6.487e-01 3.513e-01 0.000e+00 0.000e+00
 0.000e+00 5.352e-01 4.648e-01 0.000e+00
 0.000e+00 0.000e+00 5.330e-01 4.670e-01
tmat [36]
 6.653e-01 3.347e-01 0.000e+00 0.000e+00
 0.000e+00 4.086e-01 5.914e-01 0.000e+00
 0.000e+00 0.000e+00 7.225e-01 2.775e-01
tmat [37]
 9.491e-01 5.086e-02 0.000e+00 0.000e+00
 0.000e+00 9.557e-01 4.433e-02 0.000e+00
 0.000e+00 0.000e+00 9.579e-01 4.207e-02
tmat [38]
 7.107e-01 2.893e-01 0.000e+00 0.000e+00
 0.000e+00 5.867e-01 4.133e-01 0.000e+00
 0.000e+00 0.000e+00 6.560e-01 3.440e-01
tmat [39]
 8.363e-01 1.637e-01 0.000e+00 0.000e+00
 0.000e+00 6.815e-01 3.185e-01 0.000e+00
 0.000e+00 0.000e+00 8.971e-01 1.029e-01
tmat [40]
 9.556e-01 4.439e-02 0.000e+00 0.000e+00
 0.000e+00 8.889e-01 1.111e-01 0.000e+00
 0.000e+00 0.000e+00 9.311e-01 6.891e-02
tmat [41]
 7.977e-01 2.023e-01 0.000e+00 0.000e+00
 0.000e+00 5.663e-01 4.337e-01 0.000e+00
 0.000e+00 0.000e+00 7.293e-01 2.707e-01
tmat [42]
 8.256e-01 1.744e-01 0.000e+00 0.000e+00
 0.000e+00 8.456e-01 1.544e-01 0.000e+00
 0.000e+00 0.000e+00 8.500e-01 1.500e-01
tmat [43]
 5.592e-01 4.408e-01 0.000e+00 0.000e+00
 0.000e+00 4.872e-01 5.128e-01 0.000e+00
 0.000e+00 0.000e+00 5.451e-01 4.549e-01
tmat [44]
 4.615e-01 5.385e-01 0.000e+00 0.000e+00
 0.000e+00 5.625e-01 4.375e-01 0.000e+00
 0.000e+00 0.000e+00 3.636e-01 6.364e-01
tmat [45]
 4.373e-01 5.627e-01 0.000e+00 0.000e+00
 0.000e+00 7.243e-01 2.757e-01 0.000e+00
 0.000e+00 0.000e+00 5.296e-01 4.704e-01
tmat [46]
 6.667e-01 3.333e-01 0.000e+00 0.000e+00
 0.000e+00 0.000e+00 1.000e+00 0.000e+00
 0.000e+00 0.000e+00 0.000e+00 1.000e+00
tmat [47]
 9.655e-01 3.448e-02 0.000e+00 0.000e+00
 0.000e+00 9.048e-01 9.524e-02 0.000e+00
 0.000e+00 0.000e+00 9.259e-01 7.414e-02
tmat [48]
 9.000e-01 1.000e-01 0.000e+00 0.000e+00
 0.000e+00 8.000e-01 2.000e-01 0.000e+00
 0.000e+00 0.000e+00 9.564e-01 4.357e-02
tmat [49]
 5.837e-01 4.163e-01 0.000e+00 0.000e+00
 0.000e+00 8.529e-01 1.471e-01 0.000e+00
 0.000e+00 0.000e+00 8.864e-01 1.136e-01
